-0.770502038
0.1442693
1.94837374
1.525803229
-0.321092167
-1.909276773
-0.081968108
1.81352807
2.569073432
2.229731407
0.708406543
-0.414800848
-1.735041214
-0.878429704
1.301691178
2.879361645
1.595120338
-0.451833987
-2.213436474
-1.863491316
0.369090598
0.879937087
0.643840657
0.466245452
-1.201845664
-1.614065664
-0.809543986
2.039393409
2.491369934
0.097158583
-1.770989815
-2.502419886
0.101566611
2.706841724
3.738809083
1.102247899
-2.099667264
-3.47162732
-1.505127606
1.201540095
1.976220561
0.703018333
-0.954990469
-2.495971153
-1.126772494
1.193276854
1.893406426
1.161510681
-0.161804787
-1.347610007
-0.56532514
0.950418789
2.153139013
0.165351722
-0.600594967
-1.066389039
-1.027883953
-0.301783962
1.101738327
1.535482965
0.666848187
-0.37507516
-1.851176348
-1.309172216
0.184308564
1.297275057
2.170735334
0.695472975
-1.078106474
-2.071429206
-0.594450044
1.20023291
1.326179094
0.09675857
-1.944732094
-0.885423008
0.39220202
0.720485982
1.331181709
0.420531948
-1.553922929
-1.939376803
-0.72458456
2.453137855
3.925026223
2.000048883
-2.458545317
-5.265773089
-2.382335059
3.580526771
5.881796656
2.090922856
-4.858693357
-6.568235075
-2.632136665
3.398075263
6.875779992
3.500060618
-3.478716812
-6.376614905
-3.384717208
3.168194415
6.220761548
2.370551902
-3.265696326
-4.567812626
-0.832764951
3.208510553
3.225458849
1.031825476
-2.620632732
-3.314974998
-0.831635683
1.116274762
1.167084847
-0.499780683
-3.333053969
-3.952579738
0.178038493
3.746548503
3.170906365
-0.963580156
-3.765692655
-1.838677688
2.83563925
5.355733804
3.050784826
-1.539447079
-5.131876443
-3.742196981
0.819268183
5.049894158
4.635637506
-0.371049434
-4.252396249
-4.661614014
-0.765136279
3.158224849
4.328709896
1.993305114
-2.666990272
-3.718385544
-1.541543232
2.362684773
4.420068027
2.265581133
-3.101873406
-5.750120972
-1.420123027
3.824349345
5.911361683
0.733387737
-5.243246115
-7.149437334
-2.538255768
4.088282285
6.047711746
2.16843548
-4.035476027
-5.598194888
-2.940902137
2.567445053
5.02525063
1.433508611
-2.592765718
-4.320931312
-1.099390394
3.264343393
3.946670832
0.739818664
-2.854104416
-2.560826419
0.555929815
1.85549731
1.658971121
1.190200043
-0.119484377
-0.119183427
0.874464709
1.669473417
0.658330896
-2.295453287
-3.332800734
-2.071488587
0.939492655
2.856683866
0.894331176
-1.14524919
-2.292208937
-1.524871049
1.483980765
3.850467577
1.60891722
-2.716314415
-4.904605312
-1.953001248
1.826793507
2.512716779
0.078299057
-3.565452456
-2.002343164
2.349228473
5.813720105
4.029615175
-0.701007054
-3.881716124
-3.199056913
1.521429098
5.148400137
3.039554088
-1.753353777
-4.014130753
-2.700110272
1.115095139
4.275949012
2.64632766
-1.519936365
-3.912621044
-3.187098251
-0.203131765
3.513507711
3.134050889
-1.810269817
-5.745022227
-4.094636158
0.80636163
4.76139637
5.039346796
-0.323489022
-5.071673621
-4.23649557
1.365993822
5.524372635
3.611746576
-2.553764487
-5.591941797
-2.948613387
2.276970505
4.482251183
3.367887674
-2.044485435
-4.677834296
-1.773939471
2.268112593
5.116824933
2.558284779
-3.29073707
-5.677310374
-2.99630889
3.225116369
6.065419644
3.635001645
-2.404035349
-6.824893955
-3.677518808
2.426268577
6.227840201
2.673108353
-2.975751064
-5.864445571
-3.636997291
1.648902224
5.08895539
4.451725008
0.141166035
-4.623748421
-4.194666247
1.279625843
6.094578202
4.531016009
-1.933955938
-6.967532651
-5.420955787
1.08745622
7.494417507
6.895946549
-0.865369841
-8.086422482
-6.995967959
1.258037586
8.912486334
8.851420028
-0.355070135
-9.451773102
-7.956695482
2.097457901
10.07800818
8.236965564
-2.894911777
-11.49341405
-8.626235363
2.651892044
11.61980446
8.613467031
-3.497917811
-11.11737923
-7.007739657
4.210235359
11.29152837
7.429370216
-3.764122597
-12.07838719
-9.010331564
3.230768511
12.23852252
8.986704688
-3.175378228
-13.0879726
-9.072867918
4.641695896
13.52163821
9.01166978
-5.157767762
-14.18090037
-9.111024693
4.367363545
13.37191639
7.972780181
-4.444923731
-12.86079362
-8.729556154
4.643984128
11.90098891
7.657794979
-4.84250028
-13.57383701
-7.594444986
7.087987969
14.41410653
7.176582834
-7.345355808
-14.1414631
-6.345011365
9.142718303
16.38204365
7.727529994
-9.239414354
-16.19134464
-6.265806739
9.118348435
15.61601095
6.870972741
-8.895355085
-15.60151502
-5.743931387
11.47545254
16.82906307
4.343514677
-12.83676735
-18.01512894
-4.69259538
13.15899937
18.21182776
5.049730346
-13.74003261
-19.5000382
-6.173843867
14.03818402
20.9413553
6.677105767
-14.73384408
-20.81568475
-7.326735373
14.05050198
21.43923145
5.913300649
-17.02666083
-22.65286765
-4.659242917
18.01256199
22.62398016
4.547454871
-17.22751332
-22.06134488
-5.925841014
17.66370389
23.03064202
5.716652703
-17.32125189
-23.99098267
-8.048868059
15.56264704
24.98934069
8.431948322
-16.31820815
-24.76843778
-8.690978926
15.99964951
23.88202418
8.518259174
-16.0149987
-25.7766879
-9.799574732
16.24698848
26.25967272
9.530052234
-17.349133
-27.23480332
-10.56087574
16.9894466
26.90091436
9.760337855
-17.13861051
-27.39114085
-11.24805067
16.37098057
27.63782122
12.06854231
-15.87522852
-28.74934886
-14.4314683
13.3704523
28.3637365
15.3312474
-13.2428833
-27.95448697
-15.0570812
12.42005999
27.63497198
14.91668869
-13.55050093
-29.25273826
-15.58018357
13.94335013
29.37578446
15.33254462
-14.6301266
-30.08478575
-14.6048708
15.1500776
30.78840557
14.85525026
-15.71854163
-30.48464893
-14.83273192
15.48831644
30.95161265
15.62065972
-14.8380648
-30.21903778
-15.98033656
13.76121424
28.76610871
14.75609766
-15.17347671
-29.94579425
-13.90441842
16.45361275
29.0687607
12.41530926
-17.14311739
-28.93819983
-11.4402598
17.58313804
28.68708717
11.49949359
-18.10533135
-28.73073768
-10.81352607
17.87789455
28.4860047
10.48158389
-18.33960696
-27.98822981
-10.20732242
17.74575016
27.15827091
10.04249566
-17.42595082
-28.40644409
-12.10685873
16.22005268
29.31624042
13.17642032
-17.11470757
-30.46448129
-13.62002926
17.41377042
30.42833477
12.63416051
-17.98570042
-30.8735691
-13.42152726
16.37614304
29.39628335
12.32381593
-17.07544039
-28.3529304
-11.98218509
15.18900815
26.37834202
11.45006222
-15.43782362
-26.82262712
-12.74624511
14.07704705
26.22055621
12.17549038
-14.89157297
-27.02060588
-12.15213894
14.75349229
27.04149223
12.01523465
-13.94626754
-26.20649975
-11.43764329
14.31320109
24.03884914
9.577204128
-14.4151058
-22.60617087
-7.705835243
14.85095644
23.18433556
9.183805995
-14.71864656
-24.89500272
-10.27444419
14.41835531
24.92300739
10.94138035
-13.67139482
-24.47146227
-10.42920344
14.01183964
24.28746282
10.90207776
-13.99790835
-23.72296498
-9.146613519
15.0331571
24.29954113
9.968779825
-13.67879585
-23.30016367
-8.562789209
15.67850684
25.14469491
9.430309396
-15.29175608
-24.19699562
-8.677182598
14.80149225
24.14004101
8.81372628
-16.01058988
-25.17566198
-9.023745662
15.50309764
23.5935369
8.134616531
-16.03619066
-23.12052617
-6.774399115
17.43067192
24.05388642
7.190706083
-16.74467731
-24.7781169
-8.057009816
17.44321162
25.3104842
8.714471379
-16.87766792
-26.35681962
-8.369219601
18.54410148
27.24125437
7.723335537
-19.40262192
-27.87241906
-7.225245069
21.3313535
27.30669736
5.487781016
-22.23055072
-27.46651857
-5.402395446
22.16591823
26.72087498
3.898171138
-23.27508278
-26.78353996
-4.486526204
22.66458624
28.00173675
5.089166485
-22.4096484
-27.79033573
-6.258725718
21.35355434
26.5268933
5.352374984
-21.08095827
-25.67374327
-5.820052175
19.01145262
25.9007781
6.083316203
-20.88316492
-26.9093792
-5.716606817
21.06135303
26.05213662
4.92767037
-21.90001117
-25.89813133
-3.724764916
22.34274227
25.44002012
1.878834735
-22.49531249
-25.03314389
-2.445885606
22.13651053
25.37855297
3.251492181
-22.04347316
-25.96947318
-3.809231241
21.66918391
25.58880631
2.849265281
-22.31423516
-25.77159486
-3.53329752
21.84411675
24.41665674
1.984336777
-22.98458291
-23.86867053
-0.639309987
23.35050744
23.42764509
0.777951905
-23.80657592
-24.40716018
-0.394071175
22.26009162
22.9194993
1.638290703
-21.59170541
-22.4597639
-1.06156996
21.72698705
22.52359634
1.469767654
-21.43897264
-23.46541726
-1.741802547
20.68568703
22.13047761
1.773822845
-20.13368934
-20.81133616
-0.151341564
21.38610848
21.45457059
1.154618414
-21.46339119
-22.17153068
-1.29812202
21.5719152
23.77150466
3.593069167
-20.7967188
-24.17744121
-2.277741075
22.32873736
24.51023528
2.250346083
-21.59648518
-22.9409407
-1.088313162
21.52877961
22.53913489
0.741536372
-21.39055964
-22.87471854
-0.432748474
22.94902447
23.29206286
1.652805427
-20.90958364
-23.21543913
-2.874820007
21.24743514
23.93921663
3.618796732
-20.09901553
-23.51007035
-3.045381288
20.72061493
22.94090282
1.650183289
-20.4859289
-22.05284753
-2.144984915
21.06160122
23.3428286
2.110884784
-20.25656147
-22.36070378
-2.422626746
18.74187393
21.24964642
2.732966337
-17.77546571
-19.04091919
-1.834218404
17.96651171
19.73479311
1.620959508
-17.52214588
-19.56312455
-3.040427771
18.01634232
21.46677847
2.841474934
-18.29886966
-20.25663945
-2.734246389
17.5178928
20.18957793
3.394396496
-17.31409332
-20.75490212
-2.743971101
18.09868559
21.95714352
3.56283813
-17.48531656
-21.39522797
-3.611125082
17.47275904
21.87577725
4.091318005
-17.15474358
-20.99756945
-4.167518124
15.86926993
20.15075798
3.601004093
-16.88481709
-20.37388603
-2.829998841
18.41472854
19.98358574
2.728442986
-17.58464196
-19.55766668
-2.545940546
16.38998447
17.92678642
2.424384051
-14.20383497
-15.84538891
-2.245566777
12.88122804
14.85614127
1.654686257
-14.07242849
-15.92658639
-1.304034748
14.91146701
16.45144957
1.887563316
-15.53447178
-17.64234436
-1.882149309
16.93708823
20.08281568
3.295260964
-17.24805039
-21.05563538
-4.540206872
15.29698861
20.89538718
6.112602649
-14.58442151
-21.81387876
-6.600525651
14.07310591
20.98201652
6.606701027
-14.94443615
-22.2292303
-7.081491459
14.21018415
20.8327393
6.597020076
-14.0077613
-20.67088672
-7.270603441
13.17082607
21.19934554
9.159922056
-12.37609314
-21.61204854
-9.826689388
11.76822605
22.00846547
10.30366879
-10.84103041
-20.49571856
-9.232369298
10.15922557
18.71045577
8.702263135
-10.79858854
-20.47016407
-9.13982232
10.81698359
20.85359418
9.653035244
-12.4437713
-21.48273902
-8.36555452
13.46019742
23.24717421
9.692861607
-13.20633013
-23.82756252
-11.74980535
11.16357128
21.83615131
10.48781562
-10.93331406
-20.71008757
-8.868608868
12.66887887
21.36597291
7.457835585
-14.54019694
-21.87965396
-6.834783298
13.41612774
20.18671622
7.738407771
-11.48713119
-19.19970579
-7.902789157
10.35874487
17.46965227
5.775927867
-12.41066671
-18.25033033
-5.70412073
12.9377544
18.57046584
5.585975204
-13.3570577
-18.8908021
-5.468225001
14.38957018
20.47605969
5.184207447
-16.29666432
-21.17405585
-4.356530519
16.9545791
21.59548688
5.710848716
-16.47854535
-22.80453444
-6.677273257
15.13826479
21.3941071
5.46169297
-16.18770838
-22.48992531
-5.635402118
15.59465371
21.00876575
4.158613876
-15.13302214
-20.39033281
-6.207073663
14.84119937
21.45498953
6.992932191
-14.23394093
-21.62774795
-8.02305923
15.10890243
23.74623429
9.500235934
-12.83129928
-23.19695891
-9.476651537
13.19625289
22.71031225
10.80279364
-12.5111855
-24.10743582
-11.64289443
12.90227507
24.62204045
12.16650763
-12.79139279
-25.51630341
-11.92521084
13.49746758
25.61600022
11.78535409
-13.82704938
-26.16306941
-11.81498266
14.08142687
26.02833712
12.61891643
-13.48342922
-24.93590072
-11.86244508
13.417789
25.46537091
13.51095458
-11.43517913
-25.02035004
-14.22390148
11.69022945
26.49770902
14.60846609
-12.87223907
-26.76851543
-13.95347862
12.37338607
26.39794362
14.94920392
-10.43415759
-24.9712984
-15.50601686
9.116314216
24.41121592
15.90453415
-7.496997916
-22.3217668
-13.60017956
9.24034027
23.76951557
15.81381766
-7.559695171
-23.86221372
-15.97790775
7.35118777
23.78476173
16.06651963
-7.801794713
-23.54208327
-15.06410343
8.144050704
23.82494485
15.96273171
-8.281005662
-24.01570405
-16.3347719
7.202227179
24.06890522
17.11388896
-6.140456889
-23.04773069
-17.89544865
3.78728003
21.88896729
17.20642611
-5.216323187
-23.05470851
-17.0679994
6.082238036
21.79162054
16.34005309
-4.828938431
-20.81898071
-15.80400502
4.797389949
21.13266979
15.63429833
-5.798389597
-20.06184709
-13.4517543
6.893854021
19.99240989
14.36669972
-5.494894374
-18.99136008
-13.59639519
4.453706772
17.85328594
14.44805458
-3.607417427
-18.95814232
-16.71369576
0.681640355
17.64052666
16.34079943
-1.802645292
-18.91389141
-15.79651151
3.133404316