-0.24797808
0.261406975
1.053522814
0.115925216
-0.685597465
-1.194236108
0.521912855
1.760096853
1.90247364
1.154519046
0.089761063
-0.77828937
-1.887031565
-0.986212631
1.178315655
2.804746503
1.790090153
-0.307663636
-2.284527909
-2.091004992
0.692739819
2.074750919
1.350056826
-0.843064016
-2.994019814
-1.817614967
0.652225873
2.58328943
1.367679378
-1.464673712
-2.274295423
-1.220202812
1.752119415
3.092405592
1.742208729
-0.760625911
-2.122867635
-1.875350308
0.043296543
2.010716745
1.078598528
-0.398856907
-1.518442084
-1.856654702
-0.353250088
1.214132462
1.063783878
-0.206412778
-0.848831705
-0.639165179
0.553375749
1.651097351
1.945595451
-0.721717422
-1.716416467
-1.709496623
0.370702353
1.331778689
1.346109649
0.791136627
-0.203160785
-0.034557774
0.066771975
0.222674289
-0.105300069
-0.539546413
0.114128036
0.094768178
0.919758951
0.103418283
-0.272133263
-0.460774098
0.018518649
0.207982863
-0.331362479
0.097726688
-0.301048602
-0.98609216
-0.10819277
0.605123303
0.287398273
-1.192116347
-1.997325832
0.21370035
2.561362976
2.863326021
0.262572926
-3.555765702
-3.454762694
0.955578088
3.649968292
2.5956225
-2.232536697
-5.07013222
-3.756271597
1.545607332
5.665386239
3.702433981
-1.352376586
-4.406327539
-3.026338531
1.396178416
3.725268178
2.039072156
-0.951205121
-2.08612417
-0.105432709
1.495064718
0.877782181
0.064413529
-1.324459721
-0.570142195
0.632589215
0.606860368
-0.075381181
-1.00312816
-1.813356896
-1.522733535
1.41787971
2.872011465
1.13324683
-1.771320026
-2.12801417
0.220654736
3.066080304
2.895274108
0.63058682
-2.009625001
-3.17491527
-1.443318913
1.5034552
4.049475429
3.223839404
-0.464051323
-3.646082001
-4.000897661
-0.871640336
2.735380824
3.982618572
1.798809038
-2.535374534
-3.350828677
-1.210847115
2.914637071
4.365120812
2.249781426
-3.167149029
-5.701325258
-1.778900544
3.329517611
5.171105327
0.887472682
-4.710366946
-5.791356609
-1.273460985
4.093478454
5.066688751
1.316864664
-4.008377345
-4.947239587
-1.528342154
2.919043009
3.639966198
0.274693394
-2.626377096
-3.168772078
-0.637940582
2.810466988
3.466492186
0.520835934
-2.141065348
-2.306966586
0.228310732
1.676056488
1.570022457
0.594562491
-0.9756342
-0.736372429
0.913312435
2.120132163
1.725095245
-0.905765358
-3.469588572
-3.203242343
-0.394541548
3.442302825
3.20331891
0.534850444
-1.925827642
-3.048401576
-1.100087222
2.793203566
3.311266547
0.392211607
-3.324117441
-3.541485128
-0.841248042
1.933432598
2.62774269
-0.073367797
-1.784643399
-1.305608336
1.336089911
2.928426155
2.203109308
-0.453593035
-2.932212941
-1.762683294
2.143846992
3.551843775
0.675834954
-2.312579758
-3.115541022
-0.65189949
2.88516264
3.397253516
0.982915198
-2.394999715
-4.173418907
-2.360516528
2.502926618
4.047446726
0.785976416
-3.945487612
-4.971392161
-1.472489516
2.987452922
5.515783624
2.942389501
-1.687889075
-3.76691614
-1.589545416
1.905232556
3.287556967
0.921114745
-1.489959009
-2.867083169
-2.143979948
0.013323412
3.068223936
1.961427161
-0.241231096
-1.660776384
-2.072909813
0.655015747
2.160491687
0.769845517
-1.022770305
-2.119782451
-1.12502727
1.239572145
3.300184122
1.84498426
-2.177394164
-3.424934517
-1.934972219
2.383216385
3.458701503
1.320920001
-2.658820925
-3.851355076
-2.088401149
1.40370551
4.237988607
3.816784911
-0.37375419
-3.257764017
-2.088918614
1.558361081
2.689480727
0.58963148
-2.326676213
-2.809164865
-0.975622174
2.842968535
4.519252896
1.362577862
-3.495634811
-5.129703865
-1.335485965
4.266469019
6.46982592
2.060034495
-4.857395557
-6.386022418
-1.421875379
4.827265538
6.361149921
0.589689078
-6.361442601
-6.370470217
-0.080528108
6.917438796
6.514953999
-0.579688404
-6.858577752
-6.05632368
0.320137786
6.46078315
6.706446596
0.720436903
-6.74414259
-8.216125141
-0.60708819
7.653628155
8.209349337
1.395832974
-7.59562943
-8.539893906
-0.841369385
7.402052385
8.80380256
0.699165532
-7.809772679
-8.888915849
-1.958803718
6.860330014
7.799493838
1.729796161
-5.578399317
-7.840007974
-2.169902101
5.038207882
7.43526046
1.869190735
-6.367385377
-7.416397911
-0.132961565
7.46549054
7.939477881
-0.214176086
-7.515053977
-7.006241525
1.419224237
9.027009548
8.55479153
-1.323543345
-9.077775801
-7.984114469
0.350367966
8.736144307
8.863532947
0.009314646
-8.623280106
-7.978914159
1.655899459
10.01765368
7.971675303
-2.495272487
-11.33934066
-8.133207409
3.31813421
11.46918826
8.602471592
-2.947732849
-12.10242929
-9.295259128
3.352263607
13.03321028
9.607667477
-3.62267307
-12.835457
-10.04861187
2.402526088
12.05395809
8.800064271
-4.042747363
-12.4394593
-7.728468621
4.100511514
11.59484953
7.879266621
-3.626363705
-11.87282465
-8.993412737
3.83402135
12.0798579
8.598558682
-3.392628308
-12.05325255
-9.137076198
2.245993227
11.96302014
9.406409543
-3.127389199
-13.0027009
-10.17577081
3.074789232
13.0456812
10.82388667
-2.718022238
-13.64707396
-10.99562014
3.229824574
14.24462482
10.98212053
-3.473838887
-14.22755527
-11.69746783
2.563464797
13.52749528
11.03837068
-1.884184824
-12.76514898
-11.67321063
1.235831825
13.00604423
12.60982685
0.327903349
-12.82893659
-14.0909273
-2.168938574
12.26133388
14.75651259
2.757399593
-11.46533817
-13.8416585
-2.933727821
10.57761045
13.11164267
1.734204205
-11.5580121
-13.06666947
-0.448845511
12.42531365
12.53754601
-0.253430291
-12.91127722
-12.10776196
1.184492828
13.58060547
12.013618
-2.192002079
-14.36989933
-11.63515368
3.125662259
15.01109826
11.79975149
-2.278578638
-13.80568351
-11.99944462
1.0451682
12.17140445
11.51783842
-1.344058219
-13.52275109
-11.68618941
2.202432944
13.17974276
11.53979045
-2.238021457
-13.70517044
-11.00720303
2.498774557
13.1255534
10.71033243
-2.950792946
-13.42019233
-10.38205942
3.207600172
13.56186643
11.00883666
-3.263934234
-13.48288267
-10.73802839
2.835855773
13.04232046
10.34866085
-3.142255854
-14.04656301
-11.59657827
3.079291331
15.21024144
12.87659126
-3.247130868
-15.85737915
-12.80185513
2.996675546
15.68158762
12.4337586
-3.741733035
-15.92273374
-12.25287468
2.62727225
13.94823541
10.94482626
-3.23096099
-14.13213793
-11.53762348
1.927466239
13.37721495
11.70797721
-2.310912639
-13.79321022
-12.52480006
1.256534971
13.62466073
12.27317614
-2.003866323
-13.70627082
-11.38088198
1.863630606
13.65395054
11.91961722
-0.533752125
-12.9921723
-11.5987132
0.86164196
11.78723555
10.31183357
-1.715362781
-11.07114869
-9.25402313
1.807640429
11.13164044
9.729871608
-1.54661812
-11.82562241
-10.40082711
1.243033732
11.50388935
10.32311678
-0.723447835
-10.15845773
-8.551733603
1.020556706
9.431505666
9.199034282
-0.643809235
-9.437805225
-8.100605923
2.025472123
10.47258995
8.571514004
-1.275518547
-9.958150882
-7.819198599
2.871194699
11.09490666
8.342154366
-2.106794201
-9.751882032
-7.598363614
1.475859319
9.942319703
8.536490381
-1.938553453
-10.42213587
-8.545148042
1.115579395
8.955863502
7.858193556
-1.690649605
-8.825626241
-6.469015013
3.434794206
9.518012336
7.000232707
-2.018685725
-9.318266609
-7.476691134
2.500200338
9.297348244
7.172501438
-2.326270075
-9.905042286
-6.691408901
3.773602225
10.8963606
6.309566696
-5.505369128
-12.06075248
-5.878151118
6.856288821
11.81160393
4.51185617
-8.225155357
-12.59938618
-4.091375747
8.63155347
11.88714635
2.548724632
-9.613380376
-11.78963212
-2.797441611
9.678180104
13.45252637
3.750138191
-8.705411837
-12.35990199
-4.591846325
8.118939464
12.06717679
4.894320317
-6.399421136
-10.47948314
-5.039352055
4.589619435
10.00213347
4.658262311
-6.254540963
-10.71501663
-4.739867993
5.630511383
9.663101909
3.530896554
-6.343059604
-9.22609419
-2.820331033
6.295089966
8.348674719
1.184712496
-6.427415574
-8.147328877
-2.012201223
6.013115114
8.753895439
2.013394187
-7.466816114
-10.25209533
-2.048605889
7.693893468
10.07991895
1.665593233
-8.322958275
-10.64988761
-3.184805655
6.56091857
9.188804343
2.343021477
-6.612258886
-7.76123404
-1.28055719
6.820614427
8.062453578
2.084902904
-6.672129633
-8.448501522
-1.648906224
5.802285427
7.136720878
1.808494298
-5.192422614
-6.031286234
-1.08909525
5.047118486
6.168428857
2.119236625
-3.886059345
-6.314425614
-2.394113837
3.330181265
5.078829264
2.441902486
-2.743130252
-4.286745254
-1.118770061
3.35874218
4.317273661
1.533046555
-3.370639313
-4.172871111
-1.351967608
3.20088778
4.696386502
2.199153693
-3.427261954
-5.359659966
-0.988807992
4.893399138
5.758711102
1.175422121
-4.076276188
-5.102503893
-0.965367224
3.735515099
5.251497555
1.117734552
-3.08137593
-4.918857432
-1.016171432
4.407146873
4.722509731
1.220689922
-2.750164294
-4.257756701
-1.597184407
3.113864344
4.943602655
2.7405312
-1.897999161
-5.632017049
-3.386381604
2.408725802
5.305092677
3.248350583
-1.711061836
-4.658306021
-2.991932442
2.728253645
5.496867018
3.422946158
-2.021856756
-5.475944201
-4.344259147
0.373167844
5.139027581
5.032769555
0.41983413
-3.799030054
-4.77436705
-0.387748294
3.765935749
4.02711199
0.985665976
-3.034164278
-4.884184911
-1.17034331
4.05616342
5.044411984
1.048173747
-3.164767422
-5.09269256
-2.129601761
3.499213817
6.285086651
2.574159028
-3.902050893
-6.112472857
-1.507348312
5.338295768
6.834609959
2.082284027
-4.996967228
-6.611704735
-2.36075388
4.870939454
6.944335377
2.790936774
-4.471736799
-6.878023159
-2.828396481
3.921088959
6.770842357
2.409409752
-4.461287453
-6.166961459
-0.817675712
4.974990363
6.497531005
0.765005347
-5.366176387
-6.66465861
-1.449711841
4.256556222
6.645811641
3.297776406
-2.538822767
-6.390773136
-4.463037045
1.983936935
6.287946642
3.522805359
-2.672234835
-5.593365672
-2.586020394
3.525747919
6.537336255
2.047631565
-4.354545231
-5.386838893
-0.265863701
6.058674873
6.467618003
-0.580611268
-7.402270252
-7.603102487
-0.946932876
7.045744356
8.173893048
0.450600069
-8.752603564
-8.208552599
0.261940558
8.191849105
8.342868236
-0.060713253
-8.894048843
-8.690734984
-0.596826851
7.800914528
8.645496827
1.150581081
-7.457554376
-8.922101931
-1.82618657
8.095403518
10.33482107
1.743840572
-8.44239912
-10.80806591
-2.629707237
7.959732086
10.76026618
3.545050004
-6.980219817
-10.21984019
-4.260030348
5.775395591
9.902010147
3.523227528
-7.332227262
-10.20430028
-2.898824381
8.12608615
10.70036798
1.851637796
-8.514590672
-10.61449384
-1.564936258
9.873012313
12.21425438
2.499433894
-10.58798236
-13.79764449
-3.943537948
8.930992274
11.89101239
2.470981369
-8.369664184
-10.2144191
-0.792578721
9.130039638
9.365989818
-0.418699127
-10.03298888
-9.245286869
-0.043791877
8.596681622
9.427557245
1.697868076
-8.404492524
-9.97784795
-2.103084415
7.499966609
8.994353745
0.909195216
-8.482804264
-9.598126032
-0.952312061
8.50675055
9.021147225
-0.278979816
-9.552689915
-9.15322707
1.090370149
11.2082516
9.241229193
-2.510878225
-11.51331774
-7.911500578
4.428330564
12.77851669
9.012924157
-4.179556039
-13.96352935
-10.46081188
2.943732287
12.94359246
8.985006804
-4.604940746
-14.10889467
-8.677976615
4.738968115
12.99546839
7.442815246
-4.858821929
-13.24743893
-9.181455615
4.478800568
13.78134531
9.102938334
-4.137875366
-13.49385583
-9.892578875
4.450655522
15.03600738
10.88417139
-3.358334962
-14.8064099
-10.66550321
3.373489964
14.67832165
11.93974517
-3.65391133
-16.18421365
-12.69741579
3.789079279
16.21915878
12.50117691
-3.81310175
-16.68229443
-12.00811763
4.428406271
15.98886565
11.16244537
-4.501090801
-15.6944917
-10.68692427
4.894761626
16.30908266
11.89218374
-4.647463351
-15.84192839
-11.30453426
4.569551041
15.78300731
12.14339176
-2.888203231
-15.08302659
-12.65089597
2.076791537
15.56376553
13.32211125
-2.907683972
-15.68245793
-12.04166879
3.230019333
15.49227339
12.77279258
-2.045328417
-14.26236099
-13.000278
1.253078051
13.46747941
12.64778625
-0.258989255
-12.72843898
-11.79599959
1.236990899
12.99214602
12.74117515
-0.287635983
-13.67402631
-12.66091426
0.255614974
13.56422192
13.0847814
-0.516226297
-13.59816978
-13.03109787
0.997910082
14.09393125
13.15455664
-1.020109488
-13.41447032
-13.20230141
-0.312412542
13.267844
13.39433214
-0.288446944
-13.34512533
-13.6726165
-0.682969908
13.38523301
13.64998782
-0.401600483
-14.29572862
-13.22707091
1.037607944
13.83728844
13.22749107
-0.036674836
-12.29453767
-11.69311855
0.293583804
12.62911174
11.41971401
-1.995931278
-12.44306797
-10.40416272
2.278992838
11.89959512
10.47886821
-1.69756614
-11.17315559
-9.287837859
1.206150892
10.03154533
9.858200192
0.116042494
-10.71653092
-11.51569582
-1.529484442
10.42729784
11.38437731
0.849011024
-11.07066063
-11.42202129
-0.169180757