0.820455716
-0.716154496
-0.311813524
0.247127214
0.529972099
-0.320507253
0.473821059
0.845784456
0.820726447
-0.627332111
-0.055185269
1.397776562
0.559379275
0.217140415
0.144651835
0.557832779
-0.283264949
0.170474181
0.649048465
0.164171482
0.144739239
-0.734631004
-1.531668826
-0.250874679
1.011836279
0.543360308
-0.07288848
0.244664599
-1.499786699
-1.879767036
-0.149646305
0.262365871
0.652834961
0.257476016
0.271088964
0.869953073
0.874555109
-0.509735888
-2.103350432
-1.076452868
0.151954724
1.848876744
1.779710156
-0.746796306
-2.900068301
-3.72612359
-1.077620458
1.83628187
4.019347544
3.119486112
0.019116925
-1.24392277
-0.04984163
0.431588669
1.775178962
0.411147205
-1.038062977
-2.414043602
-0.496678622
2.229063926
3.825068949
2.322348021
-1.302004369
-4.057426655
-2.981560927
-0.188579039
3.125531004
2.513056557
0.221448816
-2.441433497
-2.914917334
-0.193223259
3.548055368
2.316671026
-0.997794874
-2.55410959
-3.152588965
-1.540124429
1.511309131
3.135804926
1.434908979
-2.424006038
-4.460793751
-0.701812385
4.420431473
6.322371731
0.36515466
-5.869597613
-5.95592712
0.707655013
5.018769615
4.683322429
-1.568015449
-6.806530278
-6.098511678
1.482620435
7.840805943
5.679058703
-1.220833351
-5.951553566
-5.381240775
0.379115938
4.814218033
3.495355905
-0.991259054
-3.846133635
-2.057641837
1.691198848
1.769032484
0.426155555
-1.500855664
-1.259551477
0.211254811
0.457650129
-0.224968156
-0.644405722
-1.478764222
-1.09466984
2.280197368
3.006360822
-0.144635147
-3.66634622
-2.916713357
2.245201974
5.051357924
3.082760031
-1.126582674
-3.546394322
-3.369106075
-0.643653644
2.073787156
3.372904124
1.830122252
-1.929477522
-4.976298278
-3.567468726
0.822290876
4.362567797
3.672313423
-0.547025217
-5.028589101
-3.500050586
0.481597187
4.821626827
4.744520161
0.82450571
-4.839779433
-6.210722592
0.101633942
6.675159678
7.116134034
0.033795294
-7.499752757
-8.29170305
-1.125518042
6.488031055
7.715184405
1.835353715
-5.398206135
-6.528749697
-1.458019231
4.599767601
4.772704671
0.915479552
-2.442385745
-4.975081326
-2.408050616
2.717873867
6.03533367
3.424035268
-2.235836416
-5.452768081
-3.1926078
1.75544664
4.645506886
3.825326145
-0.476002322
-3.258464732
-1.794502835
2.493413719
5.21027335
1.678141751
-4.009399475
-6.020482627
-3.156109764
3.888930208
5.636153342
1.780618333
-3.209958364
-5.422768891
-1.971468598
5.25414195
6.601504402
1.745549915
-4.662155575
-6.498732483
-2.149261803
3.422256539
4.781838369
0.639600349
-3.026002674
-2.809095476
1.691829262
4.5001605
3.973166795
-0.943931716
-4.768651606
-2.642056018
3.852320596
5.82996586
1.609372059
-3.1207268
-5.153125434
-1.233261237
3.293201556
5.103732553
1.838480386
-3.806959731
-6.721820349
-3.730723238
3.498139467
6.008443732
1.53174453
-5.595851583
-7.201773843
-1.665826484
5.035037104
7.607516624
2.691503362
-4.747686475
-6.654732804
-1.365150139
4.872536111
5.373126537
-0.260942438
-5.17849617
-5.008153279
-1.864016262
2.133515439
3.747137994
0.676104644
-2.891844545
-3.39853232
-1.397517866
2.654533266
3.167635198
-0.906658018
-3.270669049
-2.700222614
1.345881011
4.57131961
4.259255457
-0.686891612
-5.454733184
-4.123471534
1.208815276
6.181239691
4.103183896
-3.024738916
-7.027599324
-3.706945967
2.451253292
5.820788164
3.161954346
-1.128385273
-4.138670945
-2.512104862
2.168382694
5.275154213
2.29141507
-2.567686549
-4.711712908
-1.500038318
2.699260531
5.356447607
3.344234024
-2.240438687
-6.270120797
-4.393809289
1.61877145
5.918507313
5.08136591
-0.724034713
-6.173546271
-4.727457499
1.274687123
5.892923115
5.778450472
-0.898288207
-6.497037257
-4.787147841
1.235764855
7.874075202
6.346790506
-1.208851174
-6.870553042
-5.702391383
-0.07397872
5.686640804
6.778270745
1.600253125
-5.71332666
-8.394458084
-1.2889503
7.292398045
8.174385121
1.110099836
-7.791015081
-8.669630848
-0.917802546
8.415192496
9.8020808
0.655777702
-8.946197246
-9.682963592
-1.832754507
7.763237534
8.714924569
1.516634707
-6.140128179
-8.011260333
-2.011609131
5.705050871
8.056212793
1.518928758
-6.880693847
-8.582792895
-0.229774995
8.237475862
8.921192441
-0.547027024
-8.564455549
-8.146609132
2.140439719
10.74984924
9.057404072
-2.746163974
-10.99138268
-8.81952912
0.693595457
10.63875394
10.52302824
-0.728018819
-11.373527
-9.908768165
1.77742814
11.30250641
9.650664219
-2.865752739
-14.13641461
-10.21763876
4.060735395
14.41551549
10.84033353
-4.277034321
-16.47670725
-12.27723309
5.788839295
18.3976791
12.24344991
-6.087038199
-18.26944215
-12.71457748
4.892749322
17.80116183
12.81862515
-5.499344603
-17.15942581
-11.10754558
5.502117623
16.04315287
11.15793164
-4.780008412
-16.30803982
-12.49616895
4.955905559
16.48946219
11.28921045
-5.446281033
-17.25906167
-11.95549918
5.024830036
17.29650593
12.14768115
-6.266231512
-18.44713308
-12.50939043
6.330139661
18.62745065
13.48569223
-5.324883369
-19.59409136
-14.63927458
5.321914679
19.8825054
13.6709532
-6.200340765
-18.92766246
-13.51891727
5.598862439
18.35515999
12.99564631
-4.284596825
-17.00875535
-13.09132022
4.35891505
16.79273845
13.04188277
-3.535318723
-17.09994396
-15.66097519
0.34552736
16.36748549
15.93581713
0.346043097
-14.67925363
-15.65148841
-1.921978251
13.13892025
15.31874209
0.987658188
-14.63318813
-15.34739056
-0.304630293
14.1148336
13.2681399
-0.406173931
-14.38749645
-12.80359876
1.955188225
15.43278988
12.61674739
-2.671175598
-15.61428756
-13.33682715
3.49818094
17.44239782
14.5522997
-2.434556327
-16.45641423
-14.57793007
1.671802734
14.88546669
14.44697146
-1.522960951
-16.68599334
-14.92438059
2.278669291
15.98149632
13.39431812
-2.805190797
-16.208383
-13.19347738
3.10181625
14.86147744
11.57435883
-4.118025336
-15.49942616
-10.00602448
6.122597548
16.46530289
11.54648388
-5.520009493
-16.21429892
-11.58633263
4.634101314
15.89320468
11.51939504
-4.419088445
-16.10897439
-12.34927575
5.50447692
18.96255571
14.12628153
-6.386243206
-20.59127197
-13.53794462
6.776184383
19.4112204
12.59410245
-7.093056958
-19.56511564
-11.71071503
7.284262756
18.82949716
11.49047175
-8.495731319
-19.43670515
-12.04582656
6.147116543
18.31693941
12.7281591
-5.684653
-18.35735635
-13.2440074
5.556773978
18.3438835
12.42913559
-7.346632189
-20.21796122
-12.98552069
7.634166149
20.89149864
12.55008037
-7.066218414
-20.14778066
-11.65640273
8.178154876
18.27761615
9.493698489
-9.692048316
-18.29007138
-8.052750162
9.954138663
18.42782604
9.355406329
-9.353699029
-19.10092196
-10.31250591
8.90776567
19.03095896
11.35237179
-6.348306673
-15.98192438
-8.477593161
7.317603498
16.15636426
10.20710306
-6.652002588
-15.99403441
-8.701724857
8.766951495
17.63880399
8.929375154
-8.537788413
-17.90140076
-8.833454442
9.332746208
17.8057641
8.258136673
-9.117677571
-16.62465106
-6.80558706
9.872049317
17.04134547
7.148391162
-10.86049092
-17.40131243
-6.602643765
10.47109336
17.28106119
7.167223427
-11.26602665
-17.86902971
-5.626709517
13.39432181
18.54352809
6.162169542
-10.52423062
-17.14758248
-7.237455421
10.1464342
16.51328297
7.332560701
-8.710525406
-15.99534743
-5.260575795
11.15197159
17.56652047
5.661829431
-12.80597601
-18.85222303
-4.958636845
14.080916
17.98629085
3.667094456
-15.11563596
-18.97142243
-4.196037184
14.94710024
18.44508025
2.844861913
-16.38430639
-17.79497609
-1.982011336
17.26171974
19.07107518
0.685512211
-17.26945257
-17.45831806
-1.008709227
17.16383692
17.92804081
1.287613728
-16.10791965
-16.83591694
-2.555552642
13.93026858
16.5154277
1.233264027
-17.04366664
-18.25303648
-1.31499122
16.55746317
17.65553998
0.718477075
-17.30177763
-17.13118632
0.347081934
17.3356639
16.57844417
-1.475400759
-17.18744694
-15.93172058
1.248720257
17.1224954
16.66866557
-0.765181848
-18.49861493
-19.17863431
0.838240678
19.98565022
19.53108273
-1.320280643
-20.13833933
-19.8189398
-0.185991072
18.60173917
18.13044166
-0.75781954
-18.26257489
-17.12734968
1.940049568
19.71898267
16.87927145
-2.772297773
-20.89345841
-18.32712097
2.132980372
18.94261367
16.73976739
-1.6143879
-17.90449325
-14.99492453
2.949536365
17.28592501
14.59711437
-2.1227899
-15.82952059
-13.55877196
2.140094184
14.86714029
12.70058702
-1.588833081
-14.03558145
-12.03316152
1.268422023
12.86282189
11.03278934
-0.916956634
-13.56633428
-11.91837548
0.59164609
12.82213211
13.00404689
0.817704256
-12.35283241
-12.64465769
0.13935336
13.64904137
13.75617005
0.168051642
-12.59074217
-12.87518989
-0.206457892
12.47278088
13.36577526
0.983416713
-12.05371149
-14.9540361
-1.819691934
13.65661646
15.01211572
2.522698414
-11.7282338
-14.9737256
-3.457684789
11.80669322
15.39225744
4.922008793
-10.37930333
-17.08960817
-6.585228843
11.24069678
17.20165857
6.460301691
-10.5639094
-16.8278248
-5.88005736
12.57191177
18.70852097
6.163918486
-12.59792988
-18.82543994
-5.739672274
12.6524782
19.09314087
7.284072069
-11.6658541
-17.42652134
-6.679531365
12.33385766
17.94089836
5.908843126
-10.80660065
-16.27208833
-6.550275891
10.26844517
17.6761221
6.991573265
-10.95864541
-16.46299068
-7.185038219
9.075979563
16.28198955
7.291114729
-8.111410151
-16.38139079
-8.202470475
8.296390191
17.66803127
9.360340429
-7.165772275
-16.59053308
-9.062682915
7.793900896
17.39846981
9.446282
-6.344561959
-15.2912969
-7.809571041
7.579523107
14.48497239
7.023158651
-7.820880356
-15.23160051
-6.563344696
8.692658249
14.13638293
5.528762682
-8.753892231
-13.63974097
-5.699958464
7.185215727
13.13053975
7.162541585
-4.513551384
-10.40335637
-6.920216165
3.363789872
10.88187477
7.496491863
-3.805162043
-11.43809315
-6.831621916
5.296941121
12.36534466
7.78239482
-5.387098257
-14.09558533
-8.502477049
6.525883194
15.34932514
8.772091927
-7.576517085
-17.36695675
-10.81835063
5.155993021
15.93524055
11.5624127
-4.338432293
-16.66453505
-11.49790523
5.425483362
16.64084381
12.43971176
-4.902851112
-18.17846955
-12.71630206
5.070635165
17.35947892
12.25076899
-4.854045286
-16.31829048
-12.06391196
3.732109748
16.64332842
14.17463109
-2.743208741
-16.93035556
-14.95958871
1.4441824
16.37927758
15.70838534
-0.781286142
-15.11887303
-13.66736646
-0.647087397
12.05437838
13.15087015
-0.098959531
-14.10811745
-13.19646513
0.531557775
14.26411362
14.3024609
-0.975533851
-15.26837606
-14.38315444
1.525673635
16.70723577
16.295854
-0.273610738
-17.64389984
-18.64942873
-1.539230298
16.20106816
16.41225407
0.488001013
-14.9739966
-15.49952841
1.588247389
16.78582962
15.53133583
-2.333154196
-17.60166151
-14.87106325
2.054293897
16.4868681
14.85525992
-1.253865127
-17.02742457
-16.31940821
-0.439034967
16.25816583
16.3262409
-1.339170342
-18.39997075
-17.01320333
1.542492673
19.06472852
17.23676705
-2.621932578
-19.74471408
-16.60187955
3.357773222
20.78442069
16.36021895
-4.598898911
-21.01088038
-15.88633614
5.903054366
21.28129314
15.91490094
-5.920680503
-22.08414784
-17.7273225
3.267484132
20.14675324
15.27551161
-4.707411036
-20.52357147
-14.1877094
6.515062542
20.56477782
13.91746924
-5.758474768
-20.87227604
-15.31178699
5.948018473
21.24094945
14.887949
-5.753685969
-21.37239186
-16.44999396
6.229486278
23.56038536
18.33638532
-4.415360474
-22.62920888
-17.1223197
4.471701143
22.44975953
18.09546022
-5.013468326
-24.34264428
-19.30044355
5.077631185
24.65156501
19.80606087
-4.9899989
-26.14729851
-20.0771134
7.014133784
26.9914648
19.10485841
-6.909094149
-24.99482988
-18.2559855
6.853966993
26.47160295
20.1841902
-6.29379627
-26.46229114
-19.63131182
6.460382974
26.94719176
21.18295783
-5.410508102
-27.03591846
-22.60386502
4.06828442
27.12535977
22.95477735
-4.784163433
-27.12265444
-22.02765126
5.600288507
27.59285029
22.66464525
-3.667027158
-25.00022148
-22.90941997
1.779835123
23.11513132
20.83568505
-1.947078407
-22.93671507
-20.52464301
2.194491905
22.7864732
21.47606616
-0.957410157
-22.71575599
-21.70147304
0.519317745
22.37946848
22.0381733
0.066387806
-21.61720562
-21.87821256
0.604421458
23.08010335
22.56979884
-0.81851632
-22.56228726
-22.32176472
0.396948238
23.20388912
22.90958115
-0.723469147
-23.34126659
-23.01624128
-0.688437336
23.88068794
24.56597032
0.242891433
-24.15447193
-23.77120517
0.781174091
23.68031513
21.88529138
-1.602552585
-22.48292546
-20.18088031
2.826372551
23.64898431
19.20921155
-5.02636164
-23.15672675
-17.50212485
5.047424397
22.22548257
18.78797784
-3.476812148
-20.79448171
-17.54037727
2.939086537
19.715196
17.26923268
-1.884346892
-20.09170735
-17.78615756
2.303411812
19.77827575
16.45183376
-3.7193859
-20.20593875
-16.24347542
4.184858803