0.641795034
0.508503493
0.495580914
-0.68746558
-0.848560369
-0.616522334
1.172695662
1.885854142
1.297406586
0.379558594
-0.019248642
-0.105514213
-1.017595472
-0.674577926
0.663492317
2.038587134
1.455350655
-0.042433109
-1.548600637
-1.593971156
0.516580938
1.523560342
1.053428436
-0.436443213
-2.184120324
-1.357708234
0.583070005
2.153508133
1.017898055
-1.625407577
-2.138921972
-0.939129502
2.093898996
3.083358617
1.378872753
-1.345872059
-2.101238357
-1.424600368
0.343915852
2.018796757
0.750682546
-0.435910968
-1.169936191
-1.41849986
-0.426465071
0.795563267
0.909253428
0.022867214
-0.681331814
-0.69019654
0.248261737
1.414081618
2.129152876
-0.211130248
-1.270970739
-1.691896172
-0.096443495
0.86746229
1.474584194
1.31489648
0.147629621
-0.387585903
-0.57623402
-0.033450667
0.49678139
0.105393413
0.07381674
-0.650315973
0.245693724
0.209641555
0.571318794
0.316165221
-0.005760884
-0.628396706
-1.093050097
0.285418764
0.727668024
-0.178633707
-0.336102256
-0.44992927
-0.45984207
-0.686273888
-0.672593908
0.888410674
1.769954905
1.457710083
-0.53646304
-2.845344289
-1.958609545
1.809074618
3.04032857
1.039799156
-2.970293163
-3.910974237
-1.745179769
2.459542416
4.615766733
1.690120495
-2.303294801
-3.380678031
-1.082899148
2.115587911
2.478207332
0.071919404
-1.781656077
-0.994276685
1.706174387
2.253033245
-0.265949724
-1.822327557
-2.163085004
0.389757477
2.428894858
1.197307138
-1.451253929
-3.00062319
-2.499198454
-0.208157588
3.189326712
3.102817725
-0.575368402
-3.80741273
-2.551742744
1.75511424
4.863199791
3.269336005
-0.914133939
-4.112621135
-3.915057634
-0.104529419
3.431972603
4.436525567
1.571774387
-2.616142508
-4.12771487
-2.412969034
1.268123821
3.384300127
2.13466057
-0.727645657
-3.264073113
-1.451053293
1.233554469
3.410624929
2.309688999
-0.184406585
-3.432916878
-3.57019787
0.864944208
3.859201997
3.119529146
-1.628578471
-5.123786845
-3.629744462
1.14187815
4.341207267
2.884964599
-1.06927221
-4.082779773
-2.529292707
1.140283326
3.208707372
1.309850755
-2.610973166
-3.143031748
-0.878686382
2.19801264
3.469424445
1.295776172
-2.132010825
-2.755578102
0.067388487
3.288272609
2.312665812
-0.815562413
-2.363937054
-1.416581577
1.656981094
3.95719256
2.641385257
-0.806983601
-4.008902067
-4.004949362
-0.663120471
2.638477835
4.042471241
0.643492322
-2.702804791
-2.713839951
-0.55269376
2.283314143
3.501159952
0.522152893
-3.051541442
-4.029242689
-0.830691622
2.55327396
2.597236793
-0.255561688
-3.687870866
-2.466755828
1.683922095
4.923222923
3.450081706
-0.924971051
-4.351659726
-3.667329938
1.499194407
6.013019211
4.221098729
-2.355580719
-6.01160476
-3.916030901
2.218612421
6.55715363
4.172254339
-1.947595912
-6.033388294
-4.86419719
0.470907538
5.745566991
4.52600592
-2.172095719
-7.516092891
-5.574261154
1.280933061
6.368969478
6.035448266
0.062874921
-5.049712959
-4.331048507
1.434494097
5.553279996
3.86957361
-2.22833808
-5.100300169
-3.264244485
0.950034148
3.269002079
3.099910226
-0.976052172
-3.316278726
-1.600420311
1.047554034
3.59009588
2.093340115
-2.182873948
-3.873745519
-2.059851842
1.950222296
4.237499074
3.187946113
-0.999691794
-4.961239177
-3.343482281
0.920092257
5.080856916
3.295747132
-1.496391005
-5.267523446
-3.813441355
0.671773028
4.021697059
4.05638045
0.957006807
-2.989629953
-3.111475988
0.667707566
4.331435185
2.799653748
-2.160728785
-5.118081306
-2.800191776
1.858014781
5.653549118
4.533279423
-1.346504304
-6.181613856
-4.822566811
1.639431834
6.938587079
6.10332467
-0.966077311
-7.541499578
-5.977821044
1.555566311
7.26973769
5.822115821
-2.380757296
-8.807683663
-5.985836195
2.916332166
9.481264936
6.148141849
-3.40536651
-9.457257918
-5.666159435
3.225500029
8.898280477
6.242035923
-2.156793132
-9.187525023
-7.818428817
2.135556019
10.13070618
8.04604252
-1.220201923
-10.03760192
-8.413814772
1.756374672
10.00744439
9.036829763
-1.70905856
-10.30753447
-8.933055298
0.547237983
9.315980496
8.131869446
-0.343528003
-8.190629224
-8.382994203
0.170453251
7.768047083
7.521930732
-0.799213127
-9.176908448
-7.602463679
2.647885157
10.37218325
7.882052935
-3.021496048
-10.23210451
-6.990881054
4.15356664
11.88827556
8.638692513
-4.021305383
-11.85676317
-8.17121388
2.759727063
11.31683115
8.993243616
-2.596096309
-11.27603488
-8.090881606
4.154577728
12.5356874
8.04668519
-5.024013762
-14.05858435
-8.406888094
5.632646234
14.02592407
8.694850587
-5.527994598
-14.79784142
-9.233926886
5.81916941
15.516529
9.719140791
-6.126121117
-15.49194831
-10.26070908
5.012422566
14.71424455
8.743450769
-6.695029079
-15.13988292
-7.715574247
6.878668576
14.32884103
7.76613213
-6.449139572
-14.80961548
-9.095039929
6.70219995
15.12808787
8.675396089
-6.225457692
-15.07087788
-9.428019462
5.119911126
15.05800647
9.680789786
-5.86096487
-15.91740098
-10.457084
5.528738669
15.71247674
11.20735285
-4.765415647
-15.96479736
-11.49231754
4.936198739
16.75615746
11.64242051
-5.576371018
-17.03028424
-12.51043247
4.638882576
16.4118121
11.67970961
-4.040651685
-15.51973556
-12.24219811
3.58045683
15.917361
13.20273609
-2.054727163
-15.80104105
-14.73565737
0.168105754
15.18846808
15.45075471
0.496581576
-14.32519722
-14.62994573
-0.823932528
13.68848222
14.18871108
-0.305524783
-14.81748048
-14.2318746
1.549036587
15.62912052
13.76391145
-2.219446893
-16.20561945
-13.38831483
3.295119086
17.18108111
13.38774102
-4.408673632
-18.00715429
-12.91063289
5.228093731
18.3118575
13.04940097
-4.424534047
-17.16844237
-13.17521145
3.308012695
15.64914206
12.75650467
-3.5860484
-17.05342425
-13.0155305
4.46662187
16.62557384
12.66064344
-4.499571563
-17.01206166
-11.96501949
4.789285726
16.32956719
11.51460165
-5.295141685
-16.49733097
-11.09661786
5.768023195
16.97925881
11.73298248
-5.811398667
-16.78564504
-11.53761656
5.306244312
16.21896768
11.09355184
-5.533510669
-17.21625512
-12.37769798
5.467945653
18.30715709
13.60885034
-5.700971029
-19.21052482
-13.77689429
5.381296372
19.07703428
13.46543915
-6.077853852
-19.16971589
-12.99513534
5.335521686
17.40363948
11.80707096
-5.812141065
-17.49433989
-12.56088483
4.053289075
16.31020672
12.32969462
-4.349536306
-16.38934593
-13.04440064
3.39763501
16.29215918
12.70805794
-4.257284241
-16.61864502
-12.15651473
4.163301883
16.87070721
12.76737766
-3.121253374
-16.52779546
-12.48936637
3.658319807
15.30935821
11.16346057
-4.575946699
-14.87695197
-10.12649896
4.66170965
15.09670517
10.95982718
-4.325391398
-15.87757317
-11.58690887
4.230634387
15.63801428
11.37533787
-3.921972082
-14.38449415
-9.542737625
4.202718108
13.64254298
10.15146839
-3.89660338
-13.54270572
-9.109086224
4.981357762
14.37560001
9.404731314
-4.470456633
-13.97492842
-8.617994761
6.208946859
15.3310847
9.292609833
-5.353741042
-14.0048417
-8.754789008
4.515861137
14.16161641
9.499140489
-5.137092594
-14.54133561
-9.544126739
4.370135231
13.01181736
8.850059137
-5.003318016
-12.89081964
-7.384612698
6.490158704
13.62742491
7.868718153
-5.302402818
-13.56043054
-8.472818619
5.626012914
13.43588834
8.317421597
-5.229360477
-13.96605193
-7.783284169
6.794285041
14.87237667
7.199618181
-8.595375795
-16.01415506
-6.597663366
9.997800245
15.58773371
5.09330882
-11.22930896
-16.27251396
-4.706421827
11.67639238
15.49563105
2.829720232
-13.2874347
-15.72479202
-3.109768428
13.06640744
17.06527582
3.870015218
-12.19761741
-15.7627395
-4.451556354
11.65088012
15.4915063
4.680944394
-9.859629242
-13.59600288
-4.667685449
7.937164907
13.014845
4.297407256
-9.73451073
-13.80819557
-4.262892881
9.22348316
12.83967271
2.953231938
-10.11066495
-12.27194281
-1.944824521
10.07513611
11.22076673
0.170265703
-10.3886232
-11.08767598
-0.915173868
10.19840014
11.76195661
0.957019213
-11.54177264
-13.35732455
-1.104552343
11.66559034
12.98064538
0.616374541
-12.14345902
-13.26676869
-2.091931879
10.18803472
11.82062081
1.281017678
-10.22853514
-10.49764594
-0.210135387
10.57999062
10.73206071
0.897398888
-10.58920787
-11.23522623
-0.495575289
9.784721085
9.956415924
0.566898519
-9.345934397
-8.917439834
0.148169049
9.149079481
8.816475424
0.451761634
-8.070265094
-8.573719647
-0.357819557
7.643456189
7.586962417
0.535452894
-6.931931561
-6.47534734
0.9048033
7.671570742
6.703187233
-0.494667872
-7.854413506
-6.632425763
0.562735441
7.496178447
7.01274383
0.219477423
-7.811725356
-7.812571316
0.92744468
9.508742586
8.369018259
-0.882006314
-8.808412017
-7.876575094
1.123220671
8.537232949
7.991443376
-0.964028651
-8.017608408
-7.770908662
1.185693391
9.404465043
7.462854557
-1.130582703
-7.732129208
-6.809779524
0.779027675
8.002907372
7.375756729
0.143851196
-7.123516635
-8.140905214
-0.755615009
7.460837301
7.640124633
0.644415344
-6.610763306
-6.982032455
-0.422232479
7.585099681
7.943667885
0.998446419
-6.79710467
-7.962584683
-1.879495635
5.277755191
7.47269146
2.653053319
-4.32996436
-6.190898498
-2.196412315
4.664621002
6.371967286
1.624794368
-3.848479962
-5.454201217
-2.469341736
3.535925905
6.352623455
2.530793168
-3.795706701
-5.470128964
-2.479851561
2.994012574
5.895882559
3.590455559
-2.353437478
-6.063088956
-3.647576522
3.053644837
7.419925542
4.35812655
-2.527149566
-7.302907092
-4.315980342
2.274123813
7.187438923
4.519742629
-1.996720819
-6.569626545
-4.237468635
1.902822215
5.802536475
3.693248566
-2.461130646
-6.126667943
-2.987478521
3.980586584
6.583184269
3.363883808
-3.974909013
-6.972936701
-3.513736748
3.186557959
5.778889061
3.485540475
-1.329154441
-3.995837751
-3.210970536
-0.007104843
3.216318827
2.900097727
-1.120024065
-4.016529977
-2.134764675
2.185360896
4.705996342
2.956737427
-2.69383239
-5.4891781
-1.868447911
4.504037239
7.181592575
2.772829061
-5.283808828
-8.418087845
-4.102315486
3.492121395
7.891787873
4.870238181
-3.643500492
-9.521656553
-5.023998827
4.150526069
9.0634599
5.399686873
-3.983106635
-10.08772474
-5.778594163
3.43342648
8.719889054
5.579706901
-2.625099121
-8.218153783
-5.930779828
1.787059038
8.57297308
7.322890605
-1.640603595
-8.865028345
-8.035417245
0.722262454
8.676274536
8.190434441
0.081016459
-7.963531678
-7.868597088
-0.788406563
6.947444674
7.684932854
0.035180546
-8.549636199
-8.009216911
0.370594204
9.103628649
8.346320123
-1.546402596
-9.22112839
-7.926334981
1.695261364
10.49400535
9.620632644
-0.512986306
-11.06351113
-11.25965091
-0.959070461
9.281601106
9.415335096
-0.209001644
-8.659189592
-7.819512583
1.829016811
9.428052292
6.874109474
-3.216630247
-10.31992334
-6.771249814
2.551137832
8.564354201
6.792116375
-0.921897882
-8.461493224
-7.539755959
0.292558203
7.322811405
6.412175721
-1.577840036
-8.564616758
-7.184359275
1.407706453
8.567743541
6.608411145
-2.693759177
-9.668820142
-6.807262063
3.474859248
11.18729532
6.842840117
-5.08492463
-11.83554356
-5.857517147
6.8098707
12.96968549
6.795780201
-6.843245815
-14.43837998
-8.144365591
5.494750422
13.16904569
6.783900414
-6.876846008
-14.03934807
-6.236636274
7.106785597
12.810232
4.820679215
-7.208847621
-12.88593892
-6.358251573
6.849267433
13.50389652
6.463780263
-6.53453808
-13.33860181
-7.332578493
6.792234883
14.91176933
8.401535026
-5.779690858
-14.80960307
-8.423700683
5.336728786
14.24514494
9.513004243
-5.643449669
-15.75208019
-10.09789425
6.165250997
15.99241775
9.843846644
-6.31235317
-16.45888878
-9.289411376
7.073117185
15.95124403
8.346440961
-7.165156328
-15.60044159
-8.019754106
7.488650038
16.08436394
9.197882632
-6.93736221
-15.33394699
-8.371923056
6.988446453
15.43402745
9.333008198
-5.218398331
-14.44024103
-9.542873092
4.487798297
14.88278458
10.13082215
-5.483524773
-14.97422952
-8.736433006
5.708935479
14.68048936
9.187789018
-4.902280234
-13.44222165
-9.482243772
3.832032083
12.66415152
9.243014438
-2.778023813
-11.7907046
-8.204232063
3.942032997
12.3284839
9.265092371
-3.152788585
-13.15845288
-9.469486357
2.952201647
12.96353243
10.04173034
-2.840666255
-13.00519769
-9.998277758
3.447367747
13.45536985
10.13066238
-3.496467699
-12.94015027
-10.33096898
2.133349587
12.87427976
10.57690938
-2.71813434
-12.96488739
-10.71727127
1.97730365
13.01183749
10.49937638
-3.261563475
-14.10981812
-10.15677093
3.979364142
13.8400822
10.37805608
-2.998713065
-12.47994912
-8.926871873
3.013885502
12.51669457
8.416584183
-4.981890316
-12.56387955
-7.350433204
5.677358965
12.09008797
7.332797516
-5.04181593
-11.43075539
-6.265717742
4.610624244
10.46842593
6.822803004
-3.371781722
-11.00371498
-8.513095297
1.802555384
10.56124769
8.100198638
-2.809202596
-11.45839396
-8.10084887
3.477770991