0.032449794
0.877205047
1.320902046
-0.22225933
-1.294889906
-1.865491776
0.46771378
2.388639014
2.937386214
1.727130598
-0.279770797
-1.491193382
-2.045895262
-0.171530862
1.877377235
2.863836492
1.131797174
-1.082740409
-2.203713456
-1.47770341
1.314408502
2.320587529
1.474444051
-1.052190727
-3.342067488
-2.341715499
1.062250244
3.683668317
2.081670849
-2.235715
-3.667123937
-2.136801442
2.598063937
5.029261331
3.022273708
-1.949625196
-4.46367293
-2.952609259
0.74351101
4.069033087
2.342106269
-0.932157514
-3.272782944
-3.100109649
0.252774371
3.221538027
2.542414389
-1.239096772
-3.566751275
-2.232174145
1.411158684
4.25467933
3.62942652
-1.551064876
-4.318500204
-3.332943095
1.448004471
4.058000644
3.447011134
0.00922833
-3.759814768
-3.121956526
0.704247695
3.674196163
2.827779004
-0.937200023
-3.328290628
-3.659928904
0.939171556
3.926624319
3.502235943
-0.265088844
-3.652598319
-3.854870726
-0.976013363
3.564306207
3.775405697
-0.263184551
-3.733158422
-3.485964037
0.192202907
3.143901751
2.693087497
0.78936334
-1.682712727
-1.946675503
-0.0969173
0.915347258
1.269574771
1.24965076
-0.568632629
-1.951769083
-2.41662338
0.032414179
1.710176343
2.215189326
0.994346064
-1.93496216
-2.016119198
0.525318231
2.342348431
1.974187559
-1.274939869
-3.739602665
-1.683654288
3.282048574
5.994489561
1.818356388
-4.949128403
-6.288352502
-1.805531768
5.17175445
6.661203009
0.735597539
-6.341196772
-7.668841826
-2.304663923
4.804082112
7.709926855
2.49896112
-5.580533071
-7.900431275
-1.51136354
6.788528228
8.78001729
2.160511428
-5.918190567
-7.791156358
-2.579463217
4.780908542
6.935231533
2.695551438
-3.75782819
-6.058762654
-2.186016614
2.653657768
4.50933561
1.598571186
-3.041371631
-4.161908589
-1.575753489
3.493704578
4.412050064
1.369005902
-3.143727085
-3.708669556
-1.223616047
2.545588718
4.620764865
1.584665672
-2.882383336
-5.600654509
-3.069036711
2.384708078
5.155922987
2.335861501
-3.316480856
-5.460536424
-2.615922976
3.325428543
5.475546594
1.699977374
-4.833306313
-7.218961999
-1.730319748
5.301036717
6.568208977
1.702489657
-4.591841596
-6.17173715
-0.870837652
5.843653048
6.635801486
-0.168136373
-7.099301925
-5.900728531
1.29606032
7.970785406
7.26515553
-0.286501563
-7.186897741
-7.366028186
-0.923406168
5.483530487
5.678453131
0.853133226
-5.363677143
-5.4945087
0.288335114
5.092995089
5.087400771
0.783591065
-4.714933084
-4.862415298
-0.581078551
4.194592743
4.067452348
-0.643705816
-4.979785248
-5.106362062
0.795262124
6.359077946
6.382450417
0.087543296
-5.606822447
-5.659759265
-0.165674831
6.41477709
7.600570593
1.160947464
-7.064104683
-7.808640864
-1.095855666
6.926128464
8.893715865
2.323588985
-6.394853252
-8.418092091
-2.945943404
5.08939205
8.385499586
2.652336176
-6.644336
-10.02490117
-3.94782026
5.490066057
9.0521627
4.300753141
-4.475757801
-7.747351942
-2.711053789
5.797100102
8.20579659
1.878090001
-7.025087789
-7.999594187
-1.249610593
5.747642622
5.867024945
0.961187639
-5.490254299
-5.814671678
0.440781978
5.539107927
5.608599567
-0.555950616
-6.871925291
-6.316100088
-0.062070311
6.401698641
6.384740864
0.824747055
-5.452215029
-7.139471121
-1.226268494
5.152262236
6.872674615
0.827997108
-6.192320141
-7.528325671
-1.492300357
5.379329549
6.567762968
2.406084064
-3.117163491
-5.491348736
-1.744584184
4.574274776
6.859610791
1.369385402
-5.925235792
-7.620431218
-1.58607048
5.586728211
8.319786996
3.294396674
-5.032432364
-8.670867679
-3.862709917
4.400167148
8.90763255
5.156984503
-3.696388474
-9.35189513
-4.938194683
4.243511626
8.754201486
4.689605095
-5.250351265
-10.65685053
-4.703871528
6.287613043
11.69191637
4.859949867
-7.075016162
-11.34393759
-4.079880328
6.631809028
10.51629324
4.485994597
-5.481357477
-10.39465808
-5.629173842
5.03716926
10.52564823
5.476991024
-4.463513812
-10.76681112
-5.939090023
4.827238314
10.44721949
6.210699068
-4.990132934
-10.88813429
-6.26615117
3.793293391
9.756686686
5.334794422
-3.896920925
-8.784795165
-5.608344531
3.483953302
7.916607196
4.662330497
-3.726609666
-9.101246056
-4.520452098
5.529856575
10.0450759
4.676031849
-5.436564507
-8.999292257
-3.841756309
6.05055247
10.99815027
5.757651902
-6.162071659
-11.32614379
-5.482677782
4.992747561
11.20325016
6.3937219
-5.12954915
-11.58517821
-5.997282697
6.532921842
13.15322089
6.371181788
-7.390339085
-14.66611205
-6.696300693
8.059346653
15.0003006
7.353000694
-7.840069963
-15.94335653
-7.815500701
8.462852016
16.55491295
8.015167571
-8.803480941
-16.54635335
-8.758101808
7.534497523
15.72826535
7.253101189
-9.408621289
-16.43019802
-6.82707809
9.062667632
15.81005739
7.039126614
-8.919471314
-16.56762018
-8.518725637
9.11976628
17.02621883
8.033818879
-8.499289198
-16.98030136
-8.966293202
7.343260837
16.84330156
9.228462967
-8.190906764
-17.84085407
-9.450561243
8.370410896
17.28527051
9.874921861
-7.766520954
-17.44968385
-10.0338342
7.70753014
18.00811744
10.10926659
-8.121827226
-18.17346322
-11.16262286
7.290417861
17.91153196
10.37421425
-6.862145092
-17.21747748
-11.08035715
6.400703848
17.76492502
12.108601
-4.737389441
-17.14201104
-13.58662758
3.14478103
17.21759058
14.1882785
-2.318503627
-15.83802128
-13.75842482
1.530201077
15.05602246
13.14135842
-2.476048249
-15.88711599
-13.15058788
4.013696609
17.3107469
12.88719809
-4.810979325
-17.68236082
-12.36089999
5.834609146
18.80278312
12.51691383
-7.1583425
-19.61754469
-11.6928113
8.232213811
19.98833902
11.49541842
-7.656261153
-18.73051626
-12.00008123
5.673313717
16.76839414
11.49905224
-6.403868935
-18.70211614
-11.95215429
7.228329213
18.28213416
11.19379363
-7.532425437
-18.65046653
-10.45180662
7.91921652
17.56417543
9.67235445
-8.177513109
-17.57005062
-9.045164494
9.053045635
18.35598208
9.682892865
-9.475223011
-18.2519669
-9.255616503
9.021588969
17.81675762
8.963342201
-9.228891788
-18.51722703
-10.26831418
8.918123736
19.76922008
11.84409157
-8.910223883
-20.86509336
-12.16203268
8.601877202
20.80293712
11.91406052
-9.357983881
-20.99193516
-11.20118966
8.841062814
19.51735979
10.26990352
-9.179184733
-19.33391924
-11.0938106
7.339730841
17.97610886
10.96713806
-7.439814329
-17.91179748
-11.30469256
6.241357935
17.31756207
10.66567617
-7.148550082
-17.10679572
-9.60277111
7.412055982
17.22261126
10.12785541
-6.201227435
-16.8405612
-9.434504817
6.455625361
15.19230886
8.345086996
-7.172222655
-14.41712777
-7.142786071
7.314328777
14.47826278
7.490821465
-7.187370965
-15.15705317
-8.06576984
7.057489079
14.98950938
7.715386297
-6.501370096
-13.24248133
-5.858654514
6.875175112
12.74363991
6.405633681
-6.603727498
-12.50694979
-5.2302234
8.105936988
13.63110371
5.203267157
-8.036326512
-13.14150717
-4.031877876
9.880009889
14.86104655
5.214719622
-8.893374628
-13.36988559
-4.632098029
7.710235839
13.13168009
5.285902577
-8.388128745
-13.28332588
-4.990598363
7.327328338
11.56121906
4.115429674
-8.194432211
-11.6145041
-2.910626873
9.228216316
11.50926814
3.038936394
-8.358991229
-11.93939598
-4.109611053
8.281315328
12.17973508
4.372751811
-7.746305762
-12.60499331
-3.982673605
9.277081447
13.36348857
3.358790936
-10.67582173
-14.07982677
-2.664500065
11.94757752
13.74811683
0.941996356
-13.45497228
-14.51664276
-0.651053511
13.97524844
13.88351969
-0.879354037
-14.66701277
-13.38578771
0.562425159
14.35768363
14.63464017
-0.032867265
-13.76012882
-13.37897269
-0.171556095
13.73666973
13.33136271
0.601526763
-11.64732965
-11.41318026
-0.549554542
9.796277556
10.43704321
-0.4052566
-11.68975204
-11.23918907
0.237794426
10.92930654
10.30963158
-1.228835519
-12.07212451
-10.0006773
2.370820775
12.08642383
8.776566934
-4.338673684
-11.88176922
-8.03558718
3.543620149
11.65798234
8.814541714
-3.307511043
-13.17336593
-10.81439688
3.15078655
13.29540299
10.27041497
-3.594146623
-13.69794908
-10.16632839
2.86033777
11.99534174
9.107258214
-3.168336345
-12.17012353
-7.667010424
4.304623966
11.96281642
7.403286167
-3.890947554
-12.36786631
-8.143399157
4.06438858
11.19321847
6.672386717
-4.097275672
-10.37246449
-5.66785793
4.011585969
9.719226076
5.512023591
-3.41428123
-8.451972585
-4.928170876
3.689296405
8.183151546
3.805240432
-3.88248437
-7.831222547
-3.211140299
4.851560062
8.352161694
3.681015794
-4.159770284
-8.584299632
-3.932366586
3.914875481
8.562873196
4.179885037
-3.907348609
-9.0306294
-5.008570741
4.757469533
10.50587053
4.888788674
-5.56178103
-10.13213923
-4.431115789
5.768338648
9.993950091
4.693553704
-5.611061408
-9.34685532
-4.33784974
6.069579038
10.71400226
3.796084109
-5.93484587
-8.900472585
-3.130074602
5.781829722
9.355252954
3.941023606
-4.43935459
-8.345839508
-4.692657819
3.937134389
8.808906038
4.385837238
-3.743213587
-7.766534336
-3.376601477
4.282064454
8.45083881
4.42464528
-3.51657474
-7.771644417
-4.382967426
2.408505507
5.927765571
4.131809751
-1.388802885
-4.978152934
-2.716341041
1.810582694
5.379579878
2.974016958
-2.588102685
-4.964056017
-2.391737035
1.823723093
4.904125021
3.483830748
-1.531535756
-5.024571712
-2.73901008
1.483465541
4.051173557
2.652839307
-0.382525699
-2.891828995
-2.263231435
0.811394583
3.346289669
3.49400887
0.065751451
-2.766237205
-3.112196593
0.238610347
2.690134668
3.203505174
-0.050850347
-2.720414717
-2.466641426
0.616469839
2.665393685
1.865881092
-1.115994341
-3.369991565
-2.247267646
1.799667915
5.168653861
2.94258679
-1.645663981
-5.33687888
-3.340029673
1.13808859
4.36530079
2.204000616
-1.258759038
-2.366335037
-0.433652288
1.313997785
0.863065457
-0.446117326
-1.762607652
-1.608583829
0.195189
2.49026149
2.676129614
0.577342447
-1.533229468
-2.513053902
-0.617539675
3.26377061
4.646031673
1.92616493
-2.732722669
-5.622009176
-3.110393885
1.467675317
3.721733191
2.61521552
-0.673618562
-3.595143092
-3.507499688
0.90097827
3.93775544
3.053876491
-0.448927894
-3.630056417
-4.287868265
-0.157379864
3.206103845
2.948059996
-0.15161465
-2.172650257
-2.00281107
-0.207387518
1.320708141
2.05863086
1.228848079
-1.06193729
-2.507907367
-2.194944822
0.502063989
2.632286633
2.499617629
0.25933247
-2.030025402
-1.678092898
-0.268751953
0.968391802
0.838180344
-1.018956642
-2.557457121
-1.008749043
1.015066095
3.144447577
1.556560834
-2.466996337
-3.731526128
-1.52278053
2.386931807
4.492250254
3.216426532
-1.030812237
-5.291948095
-5.280239796
-0.457689426
4.15604268
3.530269505
-0.971959111
-3.382753346
-1.89919603
2.648918431
4.276760211
0.670872752
-4.261420227
-5.087638675
-0.705282343
3.226069689
3.279156845
0.687485189
-1.527466267
-3.010252532
-1.546735375
0.647666455
1.66889552
0.359144733
-2.133283089
-3.210279898
-1.385138445
1.684281875
2.922334209
0.742275509
-2.883500877
-4.287591982
-1.030206986
3.910923066
6.052035376
1.210747181
-5.865176278
-7.028935063
-0.67552802
6.983589395
8.019560677
1.503443014
-7.137474464
-9.399286433
-3.148141768
5.92200152
8.563056736
1.568472413
-7.488415039
-9.278912814
-0.936848984
7.634882311
8.502400764
-0.024533804
-7.94593899
-8.862337731
-1.743286979
7.884669828
9.779162011
1.823029501
-7.340443572
-9.830928696
-3.089895181
7.667265208
11.64043853
4.160725226
-6.61217064
-11.50436653
-3.920800073
6.589321961
10.91342617
5.262828154
-6.712437402
-12.37034924
-5.711707581
7.162454664
12.86526727
5.526897655
-7.433409324
-13.27168107
-4.926912698
8.248131364
12.68418768
4.000311132
-8.620212634
-12.45154281
-3.560692834
8.81476562
12.76968608
4.713973497
-8.352136259
-12.39801953
-3.877601689
8.686875961
12.47200045
4.595801024
-6.622673041
-11.41779785
-5.001123694
6.15491273
11.6763769
5.270402603
-7.148852343
-12.05746549
-3.794214365
8.048600787
12.072559
4.584951874
-6.72938705
-10.41816285
-4.619543603
5.265827159
9.617065521
4.707399224
-3.952440051
-8.22736703
-3.581247844
4.946140699
8.45746588
4.161113377
-4.489610888
-9.273359597
-3.948855882
4.681149243
9.186996546
4.513301891
-4.542518971
-9.257372845
-4.391945868
5.462622174
9.899020086
4.658533098
-4.904218409
-8.923398835
-5.015074634
3.44544271
8.931485334
5.70431443
-3.537289539
-8.877225369
-5.843247485
2.939563045
9.149109464
5.834308324
-4.053082854
-9.935016109
-5.174425095
4.76542376
9.290883553
4.937076757
-3.544898578
-7.176329558
-3.277085537
3.328013091
6.963529802
2.671679501
-4.931241608
-7.066160013
-2.015285803
5.670891982
6.819159129
2.20822651
-5.11600671
-6.27883454
-0.777484632
5.083430929
5.141655283
0.645917132
-4.210665649
-5.675982711
-2.072987121
2.944910813
5.146008865
1.737515247
-3.77613568
-5.963143684
-1.413083037
5.014280962