0.2
0.581977336
0.862997056
0.406422951
0.863961047
0.43918833
0.88748376
0.366397121
0.850248785
0.462093436
0.894026666
0.353386169
0.815362549
0.535751555
0.912495447
0.299623012
0.788097507
0.59610058
0.867332641
0.404388623
0.857538098
0.460952489
0.903338624
0.319899881
0.785458041
0.609069169
0.85919391
0.448336007
0.880844067
0.381710211
0.855455159
0.447778355
0.888911343
0.354366611
0.810284769
0.555256252
0.897565495
0.341439734
0.800540168
0.567044781
0.884334005
0.350737847
0.820690046
0.521509373
0.887480296
0.371877221
0.829542598
0.511963909
0.894329069
0.326560401
0.799398212
0.577394851
0.878204538
0.382339495
0.869051591
0.405196317
0.873457989
0.395064722
0.872051729
0.403197901
0.85197768
0.455879281
0.874159891
0.399973058
0.887246574
0.372071415
0.842424348
0.478408142
0.910474987
0.303050942
0.753649297
0.66359873
0.818263679
0.542280019
0.904667574
0.303647695
0.759030631
0.661270227
0.808662963
0.545657385
0.89071444
0.335214957
0.796037691
0.597832804
0.846413405
0.481022263
0.911926164
0.287228572
0.727722198
0.70595606
0.750751429
0.696065915
0.769537048
0.631982369
0.833233817
0.494477927
0.887693794
0.354299957
0.822387163
0.517832178
0.897247808
0.348620607
0.81139454
0.561000983
0.880533408
0.389123424
0.855673614
0.433573011
0.885088885
0.331889795
0.781707606
0.624749167
0.839272902
0.484667715
0.910938563
0.323332717
0.79416929
0.590732049
0.889067865
0.362086038
0.85657117
0.44794114
0.878218184
0.388192317
0.844549556
0.475946048
0.910897117
0.282928964
0.74159483
0.696265787
0.760471257
0.631139364
0.833640983
0.500238458
0.889280378
0.370757951
0.819061313
0.530436284
0.88123787
0.368881131
0.842787478
0.485253152
0.891568362
0.331452467
0.800639236
0.579716957
0.874159595
0.412407974
0.881070712
0.382202332
0.85352371
0.453771933
0.88047259
0.387963728
0.873657798
0.389775323
0.880143059
0.3858422
0.859113145
0.437722734
0.89512392
0.345038265
0.832808314
0.512364093
0.892740454
0.34605734
0.83141058
0.496566335
0.899032275
0.316453914
0.78938204
0.593586468
0.870566885
0.403341165
0.888670124
0.358850061
0.815368393
0.555004516
0.888045608
0.348417389
0.837206374
0.496517713
0.887352706
0.373890174
0.838174924
0.482157293
0.901247055
0.337549559
0.79707712
0.573471078
0.875821272
0.400759374
0.865958923
0.415190664
0.870326153
0.408138491
0.874653241
0.388252522
0.857646272
0.448757577
0.885421793
0.362024643
0.823549959
0.523278605
0.892944066
0.346240325
0.806901374
0.556771749
0.881185402
0.37202095
0.847534761
0.440946116
0.881437732
0.371904489
0.848756743
0.435145703
0.882767302
0.376319349
0.863116727
0.404856738
0.880963471
0.380363896
0.843786104
0.477644497
0.899716836
0.30213961
0.753035493
0.66826135
0.80309843
0.583777882
0.881944227
0.381067784
0.858278156
0.442615857
0.871362071
0.402827729
0.878487638
0.368101661
0.843080991
0.47299638
0.90596402
0.317156747
0.77922076
0.6232569
0.841289272
0.470118095
0.899572488
0.33428344
0.797443048
0.578120633
0.876918073
0.368053953
0.826388594
0.52115621
0.89514134
0.337499204
0.790438558
0.614050307
0.838260341
0.477033567
0.911279488
0.298445536
0.7618756
0.653989649
0.816411937
0.539885018
0.895988423
0.343580728
0.815481813
0.53399271
0.886389824
0.36781864
0.848084493
0.463534706
0.88979376
0.340161618
0.808015855
0.553840611
0.887099514
0.346317118
0.809088977
0.563468538
0.884912004
0.369719031
0.847515029
0.467210955
0.875540218
0.378148272
0.85135484
0.463169926
0.897442716
0.337360861
0.797468906
0.582275727
0.884334113
0.37466425
0.846461606
0.47273069
0.904278043
0.324079459
0.790837345
0.621752807
0.854688604
0.457512236
0.899958677
0.316963841
0.793169443
0.599350794
0.886425079
0.36641166
0.846854291
0.478882942
0.899711766
0.329441908
0.799543514
0.59222451
0.870900963
0.406554756
0.868125798
0.422262815
0.869222289
0.414440193
0.881116053
0.371899896
0.814783546
0.534402271
0.898133056
0.341434747
0.814132002
0.540836132
0.886172672
0.351809745
0.816254798
0.542637543
0.908279153
0.306053145
0.771121662
0.650011144
0.795512866
0.590326234
0.878512096
0.393081372
0.86731304
0.41741952
0.881662853
0.364213568
0.858944498
0.45335711
0.885043127
0.373901663
0.843559784
0.457883796
0.887094572
0.355327737
0.826266805
0.509573549
0.916137876
0.274144544
0.723885512
0.7092135
0.737428173
0.698024052
0.75749013
0.667897674
0.805266009
0.555546199
0.888211217
0.359316145
0.823009837
0.541117848
0.887765015
0.356402515
0.834444099
0.486438745
0.894413135
0.353546066
0.815226579
0.536671281
0.896178324
0.345681869
0.822599772
0.523276637
0.898675311
0.329375935
0.813605819
0.538864591
0.911022699
0.300524729
0.728618048
0.719749949
0.72862585
0.73497752
0.704910911
0.741934454
0.699454193
0.763671352
0.647272099
0.827842419
0.52969958
0.895867779
0.332107748
0.797796241
0.608757923
0.84725283
0.458682812
0.886122342
0.370175576
0.860538269
0.417930428
0.864438791
0.41437213
0.888418727
0.364948635
0.833549358
0.506773802
0.911913945
0.304224599
0.769839183
0.640395377
0.830192949
0.501817372
0.896869791
0.33090608
0.794410244
0.576457744
0.878395596
0.381004883
0.847728736
0.476992937
0.910480063
0.293985388
0.746057203
0.690274594
0.741166002
0.678730966
0.791682848
0.599585985
0.860653308
0.442201985
0.899222714
0.322313693
0.785004848
0.610238388
0.85531772
0.438228102
0.904473548
0.305521211
0.776772359
0.61897961
0.858579144
0.426440263
0.882273011
0.364684886
0.821687032
0.537972075
0.896555356
0.326845864
0.779381895
0.62492979
0.847811159
0.459062561
0.89306735
0.350658724
0.827731669
0.524797546
0.905292926
0.301262686
0.773255849
0.627484291
0.844050637
0.484386637
0.903118391
0.322833319
0.782221539
0.618233638
0.857541716
0.430777409
0.869167444
0.41560371
0.889842683
0.323050288
0.783777489
0.625899951
0.845955773
0.471563837
0.913338786
0.282630499
0.716301202
0.73298646
0.698880678
0.752898629
0.663366719
0.807393636
0.549345408
0.911045035
0.28697671
0.740483486
0.706149518
0.741764793
0.688853607
0.770822773
0.64139017
0.82387575
0.532607565
0.882032486
0.380860923
0.834118139
0.511037777
0.895243908
0.331144498
0.784893594
0.600855207
0.857651051
0.440293027
0.885082818
0.35845384
0.82253779
0.537631945
0.898142449
0.326959783
0.796335656
0.582155341
0.861775305
0.42104478
0.87541123
0.393873944
0.858668438
0.429417365
0.893983971
0.327797917
0.789004733
0.603286146
0.868840068
0.399163641
0.858182807
0.435457617
0.894903907
0.335012957
0.793548456
0.608951558
0.844352263
0.487546369
0.885787516
0.374906841
0.842854868
0.473532153
0.905028528
0.307327174
0.756671402
0.644950793
0.821404732
0.537081566
0.894813913
0.345511591
0.801501273
0.574139653
0.902537776
0.301177089
0.742895554
0.68701469
0.767741147
0.649991636
0.806977712
0.561383791
0.888137685
0.362852886
0.836140657
0.472910958
0.894217827
0.342884721
0.815356203
0.527485558
0.89491541
0.337387421
0.810146603
0.536131428
0.8812872
0.373606956
0.840261825
0.494639832
0.925987734
0.252375318
0.668821223
0.792616386
0.586697599
0.886871239
0.345342304
0.810447743
0.561022471
0.881098373
0.385364153
0.8574015
0.445433726
0.878608745
0.395286676
0.852248831
0.453095861
0.902023487
0.309600433
0.768046645
0.641105781
0.844274724
0.48107469
0.890680331
0.360963252
0.848344284
0.477485324
0.882302714
0.36682127
0.818996474
0.526319146
0.887465014
0.353471853
0.825527987
0.525482882
0.900541166
0.325106849
0.778288809
0.605856613
0.875578126
0.402557311
0.862151347
0.430400288
0.88110401
0.377620407
0.838725911
0.484678954
0.886077007
0.361614127
0.827618558
0.519784983
0.8940429
0.338485807
0.805912713
0.557669206
0.879303146
0.363392959
0.837131593
0.473243531
0.906451997
0.307130793
0.7576236
0.655859993
0.810323616
0.542132114
0.90164146
0.315659962
0.773689865
0.648832193
0.811986871
0.553715818
0.888628157
0.352258849
0.839975996
0.491322968
0.881001644
0.370069205
0.86121649
0.443707274
0.891360269
0.339576394
0.801580068
0.583778087
0.899943474
0.330650225
0.783217612
0.605815161
0.858029095
0.437722447
0.898576087
0.333726536
0.817851861
0.539637914
0.913524738
0.278941139
0.725522415
0.727219837
0.713924751
0.733508167
0.715584329
0.73988238
0.688239752
0.783492208
0.62960628
0.823318392
0.519366663
0.893603463
0.338763471
0.824458283
0.514317397
0.899338593
0.316319648
0.785476438
0.596653425
0.855803803
0.451718945
0.889674631
0.362164549
0.838196986
0.482675313
0.899082607
0.30339427
0.771575357
0.658496816
0.798412411
0.581296007
0.881428741
0.36865329
0.819307495
0.539395015
0.901101959
0.315633624
0.776482705
0.623107413
0.858486231
0.39149395
0.842934312
0.468050728
0.884220667
0.36911141
0.83430394
0.49661842
0.892869259
0.347679613
0.811070552
0.564911968
0.877408719
0.384871568
0.851012963
0.459964768
0.879522664
0.377443323
0.858941649
0.450687454
0.901561651
0.320578746
0.761213877
0.664933785
0.796453066
0.592897101
0.866473593
0.440226346
0.8891217
0.358623649
0.834360185
0.471829305
0.900170605
0.331165205
0.792517509
0.594842659
0.867496916
0.40660209
0.860148228
0.424460813
0.889967915
0.345368635
0.822167859
0.515483641
0.901727759
0.316563798
0.787982169
0.598402386
0.871492059
0.390988261
0.857222659
0.450445634
0.900581561
0.323625791
0.78256154
0.602972618
0.859000804
0.441127389
0.880889421
0.374160622
0.848568967
0.470684328
0.89195749
0.354031503
0.829416994
0.492587145
0.90052155
0.32717231
0.813951953
0.521536922
0.900311323
0.333835515
0.798854974
0.590591739
0.865751143
0.411124012
0.859850204
0.429667081
0.900820258
0.317763104
0.766270558
0.634885226
0.827961807
0.50102759
0.886893284
0.36843518
0.819188104
0.525713229
0.913153316
0.288958282
0.730699808
0.709382757
0.752361755
0.665836429
0.804437681
0.563972363
0.887526831
0.350259075
0.815960083
0.521487515
0.908718812
0.295110179
0.74369135
0.691451374
0.759970813
0.650203286
0.79402304
0.568105355
0.884437299
0.381351171
0.837160906
0.482754417
0.903779553
0.305378348
0.761223713
0.64364634
0.825379469
0.507082036
0.896781166
0.318621309
0.762593191
0.649810261
0.811882515
0.574945128
0.879221818
0.372191446
0.841634883
0.478391803
0.905785133
0.316782333
0.760361984
0.652893622
0.818591914
0.532897452
0.883192024
0.376645324
0.83116857
0.510069631
0.896737641
0.346470288
0.802923229
0.573409047
0.88417501
0.368006566
0.840937053
0.482042379
0.903919948
0.300355766
0.768261336
0.649358235
0.809119752
0.570657414
0.901335421
0.327245535
0.794773631
0.593789534
0.868223943
0.410996027
0.883866674
0.373548906
0.850906949
0.465113339
0.902809438
0.303935987
0.76659886
0.624472479
0.860263267
0.442024747
0.885275165
0.338963577
0.804807335
0.569181093
0.879747513
0.373174999
0.845136126
0.456911492
0.887790422
0.3650161
0.832902549
0.51929534
0.898138634
0.336377019
0.804102648
0.575774886
0.899821284
0.306599533
0.752424129
0.666513669
0.820795817
0.531792143
0.901047726
0.32508716
0.79124729
0.602661732
0.860393794
0.42597228
0.877519524
0.396478178
0.874067864
0.392565583
0.866113459
0.41288182
0.880942875
0.376388639
0.861396754
0.434055714
0.880939911
0.361183973
0.831881136
0.496353938
0.887259806
0.352077616
0.818046406
0.546199888
0.89424903
0.334808042
0.800544544
0.579401823
0.875865593
0.381727731
0.840496682
0.482378718
0.918101794
0.275728847
0.7199998
0.732087234
0.707850597
0.744503323
0.68636771
0.779510936
0.619543457
0.846725899
0.471735678
0.899569975
0.320119973
0.796513158
0.582308685
0.866659198
0.436274661
0.894169891
0.344832701
0.787704936
0.608697525
0.856826942
0.441777103
0.884362444
0.366782973
0.8276734
0.517323635
0.892251879
0.36385265
0.832783846
0.508836296
0.899561608
0.326748094
0.7776878
0.632542393
0.842441805
0.484849349
0.895150329
0.343868119
0.81246357
0.544645746
0.889362322
0.358646218
0.827071329
0.524009338
0.904483322
0.326703512
0.805454207
0.566939791
0.883310811
0.369567155
0.836126274
0.498932745
0.909164185
0.292168233
0.736722995
0.698657907
0.751937993
0.66937446
0.781491198
0.636916766
0.829926112
0.532286331
0.876999698