0.2
0.59865845
0.813960344
0.500099513
0.886824469
0.364996683
0.797472386
0.527730097
0.84699998
0.458858226
0.920042073
0.228102852
0.641991231
0.745316218
0.689700119
0.700921464
0.703888126
0.636451934
0.879086506
0.371289867
0.888095938
0.340298764
0.875507724
0.405923226
0.861160309
0.4783982
0.882007481
0.411551194
0.89112644
0.343085563
0.789363653
0.561196087
0.797760822
0.49018878
0.898945951
0.35017387
0.827413194
0.505937555
0.939504989
0.140708248
0.464412186
0.882579104
0.355588734
0.822659737
0.474564627
0.92773943
0.211509992
0.63238624
0.803707219
0.5113759
0.936051146
0.161366562
0.426807945
0.737466507
0.589014545
0.955017641
0.107914828
0.239963254
0.558402945
0.84016067
0.473325423
0.893034547
0.35252392
0.805304919
0.564219264
0.933838336
0.257040565
0.749354447
0.777606043
0.500341567
0.828511221
0.549296718
0.927510779
0.265644929
0.776898713
0.655348681
0.816214858
0.576395998
0.84075083
0.482902499
0.909007476
0.295636414
0.687197937
0.79451815
0.606537027
0.863059847
0.408119691
0.863679881
0.455643687
0.894135189
0.280154993
0.73200261
0.70741187
0.751520049
0.56327052
1.026375001
-0.093943635
-0.266218556
-1.209168395
-9.627470612