0.2
0.576939157
0.87617654
0.397129856
0.858872374
0.438325977
0.886373795
0.368571716
0.834909103
0.500462639
0.89904013
0.325117877
0.792488406
0.598061979
0.865102772
0.41217404
0.868618381
0.410626061
0.877256522
0.375831625
0.84711527
0.463167728
0.896915161
0.330305913
0.793635804
0.588704116
0.876515883
0.384412822
0.85930303
0.437113736
0.897228704
0.332645562
0.798273214
0.575691415
0.877197629
0.394367581
0.851473432
0.451558201
0.892496063
0.354057632
0.816871058
0.533022309
0.901455155
0.319249995
0.783499964
0.606752927
0.867369733
0.417201835
0.884439607
0.364888562
0.834844671
0.494182529
0.905751732
0.30310237
0.766809346
0.6424981
0.831287479
0.509088769
0.901162133
0.317001252
0.768247177
0.639780585
0.82968548
0.505959099
0.899197722
0.320707207
0.785407513
0.60629826
0.870520268
0.400356663
0.866940504
0.410213325
0.872384913
0.39787289
0.854973293
0.440853278
0.894320106
0.334008712
0.805252059
0.555816513
0.895765099
0.327753332
0.792383511
0.593127784
0.868050766
0.415471499
0.879620876
0.388360241
0.853186958
0.446676227
0.89842533
0.331369221
0.802592793
0.56833471
0.880572741
0.369216494
0.839036717
0.478978852
0.892450478
0.348572842
0.821184791
0.522299767
0.905523115
0.31300371
0.765426835
0.655129636
0.816531975
0.538832379
0.900575739
0.314868894
0.78219713
0.609481641
0.860907625
0.42986365
0.879889986
0.37587304
0.845103572
0.469972244
0.907487668
0.299455399
0.763162619
0.656206873
0.812202045
0.547502927
0.886480253
0.360999799
0.82959247
0.50710861
0.904105379
0.314943495
0.775381581
0.627913976
0.833068703
0.507200739
0.896817901
0.333444758
0.80482877
0.566763923
0.883981975
0.362112034
0.819882448
0.529267067
0.894748131
0.343910864
0.8134915
0.547587524
0.88680559
0.368000475
0.840175189
0.489012873
0.899355886
0.332637824
0.792835271
0.600873604
0.862335845
0.432630952
0.883377631
0.364332884
0.842853209
0.48664158
0.900351589
0.327757259
0.794479321
0.58717418
0.870109288
0.409579164
0.867150204
0.408436808
0.869469268
0.412692939
0.86800832
0.413192214
0.874432624
0.393000955
0.854097365
0.45262268
0.892214053
0.351156637
0.822026235
0.531578051
0.897716211
0.333954725
0.798731714
0.564102081
0.894062891
0.345561129
0.812662284
0.551977806
0.889873148
0.353579066
0.824684781
0.525013148
0.896001621
0.341292832
0.811733958
0.54640263
0.888089873
0.36534477
0.832957381
0.499184523
0.895836595
0.331318236
0.799567193
0.582228012
0.878985609
0.38135359
0.854269728
0.450118331
0.89212221
0.346994936
0.816505177
0.542864402
0.886943479
0.360962897
0.833988371
0.493237775
0.903981202
0.314096292
0.773196966
0.637144378
0.841649965
0.480639284
0.896203769
0.341743658
0.80075288
0.573594033
0.878133859
0.385631289
0.845523437
0.47569828
0.896916407
0.334314381
0.798864293
0.577767923
0.875738956
0.390851211
0.853220788
0.448914497
0.893643635
0.346171316
0.82698088
0.515150652
0.897165064
0.329262233
0.801016215
0.576962582
0.869419783
0.410325339
0.866148173
0.413066601
0.875078921
0.390050475
0.853768762
0.447276378
0.885619135
0.357284844
0.821196303
0.527772627
0.895217628
0.335795039
0.803113815
0.562953978
0.889071188
0.354410095
0.831141037
0.50011532
0.899003334
0.333398139
0.793775236
0.591233976
0.874851206
0.395969649
0.857865024
0.439526137
0.880011762
0.37865416
0.852623961
0.444776676
0.890226978
0.3557823
0.832781701
0.506780326
0.898077092
0.325591921
0.798572854
0.575396714
0.875015978
0.390042817
0.865241049
0.415867919
0.873544935
0.396452998
0.872327605
0.399003619
0.861616619
0.439264652
0.890743696
0.35254015
0.811952938
0.544923785
0.893234737
0.339727934
0.801927051
0.56683343
0.888059015
0.362185919
0.835211921
0.49664617
0.901106911
0.319445658
0.779782754
0.616984815
0.853214896
0.451431758
0.891854077
0.357170133
0.813297188
0.549866873
0.884898659
0.374867139
0.842047894
0.489217505
0.897558188
0.334095104
0.807517592
0.560755698
0.885227789
0.364521427
0.835680802
0.489150189
0.894941901
0.334346754
0.795323267
0.584372449
0.874619102
0.396790244
0.868337962
0.426458244
0.881803304
0.374201393
0.83477719
0.492589296
0.906071694
0.298180218
0.744451673
0.686794392
0.780884889
0.615457259
0.85158602
0.461202365
0.885633625
0.363473598
0.831353145
0.510464011
0.899850385
0.324780831
0.781844118
0.611192656
0.853272007
0.451360594
0.894775867
0.342093712
0.80489445
0.567857965
0.88531402
0.363708086
0.823161259
0.528671723
0.902383111
0.311352281
0.766931045
0.645244791
0.825450105
0.518304978
0.900658129
0.328430417
0.788155828
0.609563636
0.86274159
0.417687071
0.881111767
0.375404262
0.848241325
0.464394494
0.89594949
0.342934777
0.81799659
0.532403587
0.895666999
0.339797744
0.800510207
0.571700409
0.888233279
0.353799366
0.826004893
0.52515572
0.899779927
0.324719804
0.785064696
0.606238346
0.865957949
0.415883426
0.876256498
0.397976808
0.86012093
0.43048264
0.883103636
0.37875836
0.857466329
0.432650533
0.873248938
0.400314814
0.868997603
0.399329076
0.856675953
0.440647367
0.89163621
0.349613533
0.816046464
0.546755308
0.889193952
0.35292867
0.822148193
0.52152358
0.902456074
0.316297053
0.792410615
0.595515543
0.869357128
0.403337178
0.867506472
0.415018575
0.881896238
0.36554735
0.843884525
0.477729528
0.894337553
0.344456201
0.815193318
0.544821861
0.892665794
0.352055801
0.821776379
0.527857545
0.896839315
0.329376757
0.80112526
0.569357238
0.891362781
0.347058818
0.812424157
0.550636262
0.895684652
0.334980304
0.802546523
0.574277469
0.870790046
0.410677912
0.860338482
0.436615754
0.897094496
0.326081605
0.791054476
0.603374261
0.857176149
0.437744014
0.886577224
0.356621777
0.828698542
0.516857912
0.8985561
0.33423053
0.799467774
0.570902505
0.882441999
0.371093145
0.845008082
0.47166421
0.896348413
0.338491956
0.811531445
0.550679938
0.887123555
0.360389354
0.832758106
0.501880075
0.902887865
0.321380996
0.789504537
0.603207959
0.855799033
0.438375147
0.887991549
0.352787856
0.831437328
0.513688061
0.896249342
0.336276375
0.802647214
0.570254434
0.875675019
0.388672491
0.853538592
0.439066275
0.880628337
0.382608061
0.848354952
0.451756061
0.885857778
0.364218545
0.838960959
0.487750476
0.901179365
0.308682972
0.761687743
0.654369084
0.825524049
0.515902624
0.897457611
0.327479484
0.79158618
0.588032553
0.874217897
0.394617305
0.863446161
0.425868017
0.880122717
0.377456914
0.847850499
0.450686029
0.886834116
0.361361128
0.827009948
0.520975242
0.898420423
0.323937584
0.787567426
0.597249818
0.873577036
0.38907007
0.860370495
0.431390407
0.886135354
0.365443177
0.830811471
0.506837339
0.901802444
0.316817176
0.778011105
0.616340142
0.853889718
0.440954132
0.880258879
0.380681164
0.85089648
0.457823193
0.894306099
0.345338454
0.806279345
0.572243275
0.884007274
0.375911751
0.844333986
0.481206296
0.90128957
0.324620881
0.787606923
0.596161335
0.871930556
0.39877417
0.853792119
0.456416593
0.88524602
0.373971758
0.845271791
0.471174164
0.890043186
0.353860639
0.828433242
0.509096886
0.891270813
0.351234989
0.822146825
0.529065531
0.906180254
0.30809341
0.77013213
0.63431731
0.831352764
0.506180892
0.900092498
0.314524734
0.774063251
0.633530771
0.838037915
0.489982189
0.893236965
0.33811878
0.795480869
0.588602243
0.878287047
0.380821528
0.854288039
0.456039713
0.897217896
0.33271023
0.803365034
0.570845988
0.875032183
0.392770725
0.867325352
0.418688795
0.875556825
0.396370686
0.862181592
0.426378345
0.867494217
0.413367189
0.870515537
0.410065962
0.877223422
0.401783598
0.866913698
0.419294228
0.877900779
0.39602106
0.851141705
0.457061184
0.891519191
0.354263798
0.820177823
0.535853649
0.894233061
0.345325175
0.818071386
0.531567751
0.894122514
0.336016897
0.804767691
0.56780016
0.894269085
0.345513736
0.817056423
0.537197633
0.907057011
0.302788145
0.76016885
0.661134135
0.810110673
0.554352536
0.894473308
0.330213997
0.790953755
0.597757454
0.87248452
0.393486085
0.859788035
0.427027153
0.878171845
0.380579481
0.854332674
0.442456492
0.887574977
0.363132595
0.833175694
0.506913246
0.894010563
0.33649224
0.809603799
0.552000062
0.897110971
0.315550538
0.773342494
0.630591846
0.835057437
0.493299025
0.891399113
0.355789681
0.83729333
0.492121013
0.901330474
0.31832709
0.785952923
0.610061689
0.861298501
0.429021111
0.881325673
0.373927055
0.842388969
0.47684726
0.901021264
0.320631391
0.789994254
0.598104004
0.864096103
0.423292086
0.883088988
0.370915467
0.83650637
0.487517182
0.904543661
0.308958743
0.760595698
0.652730037
0.818975039
0.541943341
0.892132002
0.335493074
0.799978525
0.577182141
0.879407504
0.379187305
0.848548809
0.469554185
0.900059217
0.326353461
0.786814637
0.600294313
0.857774236
0.43882685
0.881196152
0.375126059
0.847904095
0.463450859
0.895254215
0.343709405
0.809534658
0.550959996
0.895195059
0.342465335
0.810654335
0.548951163
0.893749295
0.339942691
0.802148428
0.577756846
0.88205295
0.372216644
0.837997877
0.49270044
0.892699265
0.341711707
0.808583668
0.549512285
0.889622798
0.357682334
0.825006854
0.517221987
0.90472114
0.317334732
0.778060334
0.620281301
0.846003245
0.464425022
0.891971942
0.345102314
0.809788104
0.550106196
0.895464675
0.336745322
0.805273492
0.566213319
0.893024484
0.339874346
0.80602494
0.565802705
0.89427778
0.336594719
0.804867016
0.564674799
0.89015553
0.342235547
0.811220711
0.545783596
0.893372835
0.341586283
0.806341948
0.561834863
0.884776669
0.366564396
0.844049782
0.475222937
0.895293029
0.338104692
0.818957183
0.538273945
0.889623192
0.358559662
0.830955998
0.501143457
0.894768733
0.338247254
0.80892225
0.551127816
0.889983592
0.353610367
0.824065729
0.522116237
0.903467868
0.308852785
0.771570977
0.633443853
0.848117748
0.460488138
0.891926294
0.344998315
0.813606612
0.549758711
0.889514927
0.355672341
0.824267122
0.521554351
0.895433953
0.340359347
0.800559381
0.572482834
0.87770874
0.383821438
0.855706203
0.438144105
0.886746197
0.353475089
0.835822773
0.498574362
0.901009405
0.328414757
0.80101988
0.57182787
0.89001731
0.359193353
0.820781621
0.537952433
0.901632634
0.321855909
0.78140628
0.622152754
0.844787693
0.469967135
0.902567634
0.307828735
0.763923233
0.649045326
0.824689005
0.518272768
0.897553297
0.327928067
0.794193984
0.598419148
0.869685794
0.404509542
0.869397669
0.40858453
0.865329353
0.419294222
0.865375765
0.416521705
0.87073033
0.403107701
0.866660784
0.421141695
0.878780618
0.37653054
0.849694156
0.454641961
0.891549079
0.345277377
0.813306486
0.545033185
0.89313994
0.340391784
0.80357857
0.566012078
0.887207875
0.362846133
0.833627022
0.49327166
0.900618801
0.323471867
0.789438629
0.599515424
0.874181355
0.40242584
0.870815898
0.404707374
0.865973799
0.416629952
0.871246763
0.41125317
0.867573614
0.415086617
0.868558504
0.414483562
0.874325462
0.392231781
0.866871714
0.412601173
0.87419318
0.395559263
0.866005267
0.415879928
0.870212946
0.408522474
0.865912925
0.422943665
0.87738458
0.388367067
0.859090819
0.443407182
0.889180459
0.35053098
0.824513661
0.521428751
0.906464882
0.305996075
0.767985811
0.631652889
0.833758447
0.505327618
0.899462617
0.320893916
0.782228783
0.616398657
0.849978942
0.46427377
0.894972254
0.338011636
0.799447634
0.573559211
0.87248355
0.394759065
0.859156143
0.437921077
0.881167011
0.379634559
0.849797698
0.460485119
0.883220145
0.372698962
0.846963973
0.46695765
0.892055843
0.346504735
0.812656422
0.546559921
0.891509693
0.345264908
0.809808456
0.552613196
0.884421718
0.37006209
0.836490181
0.493591397
0.897155171
0.335529285
0.798859534
0.574460148
0.890256938
0.350060693
0.824633164
0.52067979
0.899098119
0.325433635
0.800187458
0.580131395
0.889051423
0.347454287
0.819918721
0.527147404
0.894474876
0.350583973
0.822368237
0.529813306
0.89594746
0.334915495
0.805507627
0.566264791
0.889510953
0.348170497
0.822124196
0.51957891
0.905635814
0.306530506
0.758971683
0.657255012
0.809313401
0.560063378
0.891572096
0.349492755
0.827325786
0.514052515
0.895498027
0.335911811
0.803856655
0.566005423
0.877435046
0.386357356
0.856652058
0.442599162
0.888099727
0.353254279