0.2
0.57579922
0.863687063
0.438378618
0.929813684
0.230375071
0.659273031
0.798159042
0.604011016
0.845674137
0.469146716
0.897767256
0.355478304
0.805828
0.568756969
0.874098251
0.388731951
0.870832318
0.412421801
0.855727961
0.477312758
0.915798992
0.297232044
0.73323038
0.645527933
0.805824228
0.568237892
0.880845905
0.347369268
0.811649279
0.546865121
0.890703068
0.341706429
0.81029013
0.569560119
0.905369961
0.312984916
0.755110261
0.711651786
0.731449975
0.715305768
0.733644417
0.689657151
0.748645399
0.694479134
0.793283454
0.605972285
0.85203988
0.496553116
0.901904959
0.35021127
0.809532847
0.580880408
0.884952186
0.393915517
0.894083754
0.355197398
0.828927948
0.503570238
0.956454458
0.160706251
0.498045422
0.920079429
0.223025029
0.625349224
0.832525203
0.47291921
0.877796495
0.374877111
0.847876771
0.4702492
0.901752346
0.309945765
0.781093741
0.61737269
0.86165706
0.442209483
0.907840883
0.300698758
0.748485967
0.676829484
0.781205225
0.59184064
0.870824323
0.383639813
0.82138899
0.548129124
0.909592825
0.3295711
0.795178211
0.597064511
0.870544101
0.394185634
0.863854877
0.467356159
0.898147386
0.33842648
0.819376858
0.536436108
0.890358085
0.350687691
0.842713645
0.456939287
0.8858138
0.361757529
0.79812619
0.565150552
0.848644619
0.474827999
0.947082435
0.147727414
0.495886183
0.902092378
0.317398344
0.784908283
0.624171174
0.86058457
0.418974628
0.88528467
0.393869929
0.853693064
0.45746002
0.892298461
0.332403855
0.78363591
0.586851757
0.888249238
0.365668279
0.848224346
0.436129564
0.860960186
0.416169502
0.894618299
0.313108927
0.791792699
0.590356986
0.908994996
0.308767738
0.744752289
0.707474467
0.716280369
0.678596399
0.753385906
0.614184442
0.852975963
0.436845324
0.870962455
0.413104416
0.876181136
0.431527819
0.88106869
0.391286135
0.889047522
0.37799007
0.851233471
0.424230714
0.885542202
0.365177404
0.795846416
0.562482921
0.870432797
0.353133728
0.831584134
0.508495308
0.876800944
0.363518131
0.842035912
0.479737366
0.908843715
0.292864414
0.766360498
0.658817342
0.798384567
0.599066596
0.858740869
0.402462457
0.853249471
0.462110199
0.891288036
0.320622232
0.736730061
0.695676672
0.752873569
0.670868477
0.804722446
0.548519449
0.868685208
0.421571552
0.86779861
0.401670428
0.889445911
0.338859112
0.816299002
0.508813969
0.864714229
0.404584971
0.825996934
0.48750854
0.896218042
0.303246576
0.775394742
0.650191527
0.83866567
0.496398851
0.885133802
0.389483525
0.877855284
0.345824265
0.859650171
0.431730062
0.857731592
0.433975451
0.898619663
0.329865323
0.794655238
0.585634767
0.867585304
0.435505621
0.871346365
0.41589084
0.857466509
0.447504477
0.881642553
0.386768722
0.853357532
0.455636851
0.875713011
0.395669303
0.865094246
0.40128274
0.864104463
0.415301525
0.855924948
0.451214315
0.901946913
0.336951593
0.786219803
0.617117945
0.866123836
0.411367397
0.845812465
0.474149684
0.873767529
0.353980778
0.831666316
0.480271391
0.893392118
0.348702823
0.774749854
0.623855343
0.809197756
0.582787728
0.872813907
0.40342892
0.905180385
0.312853413
0.758420759
0.687596793
0.784214815
0.601824279
0.851655765
0.452348504
0.884573494
0.379836755
0.846110355
0.495637617
0.924407133
0.224047385
0.642969481
0.819287166
0.543149178
0.912374552
0.277090095
0.745823463
0.673445072
0.774634458
0.639935287
0.827876372
0.511646093
0.888927149
0.370907493
0.847777397
0.493387149
0.900340361
0.282136164
0.736884753
0.703967425
0.75568151
0.663620234
0.783165805
0.600593054
0.844859284
0.463582492
0.892099075
0.347552004
0.817383969
0.526999867
0.862518292
0.403663731
0.885102015
0.358792758
0.840289826
0.486804517
0.891943129
0.368856765
0.839111314
0.51168652
0.901915455
0.359598988
0.892296254
0.348076931
0.837472319
0.462093825
0.925185649
0.237951632
0.618107751
0.869372539
0.443807804
0.906406107
0.286087423
0.753919623
0.697358278
0.767891273
0.620338782
0.846409896
0.465887067
0.877651923
0.383082378
0.894454639
0.352099685
0.82914989
0.51479564
0.928714067
0.205711719
0.592473928
0.880446929
0.394018894
0.866827899
0.45745486
0.930045221
0.238568608
0.64474909
0.839356639
0.461268906
0.899117929
0.357064962
0.814899821
0.545779102
0.883625088
0.354088063
0.823964818
0.520986228
0.911363296
0.264324419
0.717828005
0.716079457
0.748641486
0.697918938
0.779043493
0.634982657
0.821472364
0.536995153
0.914518815
0.309679824
0.800414959
0.570632385
0.906154696
0.311744379
0.74918646
0.697442461
0.789124537
0.635672941
0.847627683
0.48727592
0.883252232
0.36476277
0.848013621
0.447100916
0.888351386
0.352162253
0.837093255
0.491840927
0.899043056
0.345299982
0.845797365
0.442111766
0.888296819
0.358318744
0.837796463
0.47722928
0.886321083
0.331224012
0.804798469
0.570522139
0.870230569
0.412699255
0.904757001
0.327857511
0.807582082
0.593485399
0.876259058
0.388331701
0.86785823
0.414549333
0.861550348
0.437397715
0.878763911
0.389370003
0.822237633
0.543776006
0.8943467
0.349220821
0.803389085
0.575549043
0.907400796
0.304628679
0.776214767
0.630005043
0.859781606
0.404887754
0.854578852
0.440234644
0.867519231
0.41761116
0.904122255
0.305800073
0.784042345
0.624152897
0.860590328
0.457622847
0.91965697
0.241917367
0.672003297
0.766374365
0.616904948
0.865618733
0.433644649
0.863295285
0.431431808
0.862636516
0.443193307
0.851313042
0.456120747
0.847617062
0.467356499
0.929750776
0.217253461
0.56659392
0.893548004
0.339408741
0.831567181
0.521523268
0.904605642
0.297164668
0.739528194
0.685431709
0.792712996
0.610104299
0.862652493
0.399543921
0.871330589
0.414966909
0.87446576
0.36997658
0.827188017
0.528973051
0.922395249
0.276627347
0.738905015
0.70552612
0.74452091
0.709387327
0.771442793
0.621456083
0.832936459
0.507277665
0.881600878
0.385871554
0.852803214
0.439889338
0.860688546
0.424760804
0.851020413
0.446008486
0.880149353
0.383855135
0.845819423
0.44537871
0.906053529
0.30161295
0.743945965
0.700880173
0.743537033
0.663467597
0.795496042
0.56466944
0.892903786
0.342197221
0.798525651
0.57615106
0.874378632
0.41252131
0.883973103
0.370759264
0.84888286
0.478259907
0.912796471
0.275250453
0.689928921
0.756870493
0.678597961
0.799589146
0.549126705
0.907978236
0.309490621
0.76451184
0.647830488
0.802101624
0.573518439
0.846926579
0.464849426
0.936440227
0.207732334
0.580249114
0.90583566
0.323500077
0.774597814
0.643227801
0.84387887
0.484768777
0.871918173
0.415640988
0.840255759
0.478725393
0.935343307
0.216261097
0.592306689
0.875958347
0.417421144
0.88640364
0.365875789
0.859644011
0.413449583
0.870030889
0.387548674
0.854224022
0.436118094
0.878349734
0.367983656
0.840773093
0.475248847
0.884120617
0.337851326
0.816229667
0.557564706
0.888320328
0.328468228
0.822935142
0.511272839
0.921534532
0.292335452
0.739741002
0.671608925
0.774289404
0.624366024
0.843160458
0.462422377
0.885060123
0.37924959
0.874267842
0.432365645
0.908068165
0.316167408
0.7999509
0.583208409
0.865682248
0.453963777
0.901317918
0.309793634
0.760135453
0.690522419
0.793891906
0.601629975
0.867552882
0.437169795
0.916897318
0.272898491
0.709557705
0.726512129
0.729305265
0.694999081
0.718884466
0.723364249
0.732930747
0.716028286
0.732239754
0.699616811
0.756868503
0.680574257
0.765390854
0.681305838
0.773010357
0.646543055
0.789954804
0.561961222
0.900087257
0.332964735
0.79790312
0.585087677
0.860616128
0.444009874
0.87112997
0.43982068
0.884967167
0.352566453
0.838064103
0.534341564
0.926461357
0.256649886
0.671341708
0.780648436
0.573464544
0.918823363
0.278197942
0.708679938
0.738945626
0.699741085
0.757655736
0.620095162
0.839456239
0.491811781
0.909479569
0.279762562
0.727330672
0.689876778
0.757618091
0.655841929
0.815491564
0.534595603
0.889083468
0.348039839
0.809285496
0.568451062
0.845809034
0.456772348
0.860149266
0.46246779
0.895550866
0.32520326
0.805789056
0.535768014
0.8778678
0.371991279
0.855272079
0.480431305
0.884466227
0.355487382
0.828869215
0.469310385
0.889835155
0.352458729
0.839157412
0.469295432
0.867955598
0.443017559
0.882356342
0.366428558
0.817805542
0.535186657
0.886448071
0.350349334
0.809264516
0.584087171
0.889307395
0.357294369
0.821452532
0.515714094
0.884011118
0.349801714
0.775218232
0.642408658
0.83827281
0.477492853
0.892572868
0.347604742
0.807035842
0.610416322
0.828447281
0.508959843
0.907219528
0.287469414
0.730716968
0.735113968
0.662551808
0.799853248
0.563815973
0.884794266
0.365441377
0.783836071
0.614577741
0.847810915
0.461132139
0.905840237
0.313819047
0.772096183
0.631186634
0.832087297
0.523433655
0.882105948
0.354252226
0.80038902
0.603055806
0.854543864
0.448040175
0.879344664
0.357208237
0.82681943
0.518396098
0.908301596
0.309934902
0.739388756
0.682703602
0.751844592
0.673847828
0.800867258
0.569797662
0.912888052
0.304097201
0.741619839
0.687915228
0.785269184
0.632352279
0.811973416
0.536229058
0.91133289
0.279798388
0.721651316
0.718835929
0.714209496
0.690853635
0.745548214
0.690258489
0.760222791
0.633071977
0.842020495
0.463901152
0.877215056
0.403975481
0.873505273
0.393409524
0.837079222
0.503033382
0.908902593
0.275145693
0.704023367
0.744597147
0.704599367
0.756308308
0.665572753
0.783936306
0.590653229
0.872608666
0.393417762
0.829435103
0.499987519
0.911600908
0.283854269
0.724685339
0.74181619
0.694354975
0.768530845
0.633305716
0.835033389
0.534392501
0.931707762
0.228242375
0.623316441
0.882967471
0.363853157
0.848310062
0.46816072
0.907214772
0.337367865
0.808491048
0.523656063
0.933063695
0.183632665
0.536695208
0.893747535
0.291080985
0.723916522
0.717289966
0.738942575
0.692748153
0.795712158
0.600542908
0.858256825
0.43409668
0.84915645
0.437042539
0.928787845
0.259025077
0.71547378
0.744526261
0.641500679
0.862411311
0.442330495
0.878056333
0.406047507
0.850606224
0.46778995
0.890006661
0.406021176
0.841659998
0.479505816
0.887974829
0.363218811
0.867000432
0.437440123
0.904541695
0.311812745
0.777239673
0.645373078
0.822951566
0.523423973
0.883760491
0.360739424
0.826122649
0.524070132
0.920869633
0.29977484
0.722091315
0.735012122
0.698615325
0.78780277
0.568056321
0.907088085
0.317756406
0.767781016
0.631425946
0.831776658
0.526921014
0.936930357
0.238911699
0.654315407
0.832442163
0.541334881
0.871214402
0.369716732
0.848942925
0.413524148
0.87917621
0.377248647
0.862400066
0.438604079
0.911310151
0.27194685
0.696400278
0.726795913
0.718008273
0.732116669
0.709367304
0.747912388
0.710797797
0.732020102
0.689683203
0.76987403
0.619230328
0.851505372
0.460824166
0.890303957
0.343668311
0.78734758
0.559995223
0.871581717
0.390603962
0.878171628
0.336299632
0.78249354
0.573388271
0.876092368
0.379084564
0.835928852
0.457606246
0.907375795
0.28533502
0.721743049
0.723671547
0.700709676
0.771222291
0.664987685
0.778685983
0.598886498
0.879443307
0.403280238
0.872806694
0.418015953
0.895930831
0.338026028
0.792909825
0.567215537
0.861728254
0.408793719
0.897118848
0.35265557
0.830121781
0.502547213
0.897353901
0.342311237
0.809359881
0.530845978
0.904035691
0.326734922
0.790938147
0.574584312
0.846169623
0.497194117
0.897938953
0.315539763
0.754529061
0.666592611
0.795752944
0.571267631
0.900040128
0.336447623
0.776543123
0.636698219
0.849169208
0.460393618
0.891043664
0.330080346
0.783378863
0.614986951
0.846888018
0.479236027
0.91881817
0.303512192
0.70052186
0.760539387
0.648615696
0.838117808
0.457547292
0.89102223
0.349782897
0.816420569
0.520986871
0.941457725
0.207919995
0.601852167
0.849918458
0.452228926
0.88880633
0.338445707
0.800812982
0.578348147
0.882394759
0.359479544
0.85802006
0.439710885
0.911141641
0.305577049
0.748794411
0.701847167
0.773790646
0.635228264
0.834433418
0.481953531
0.891260947
0.363118449
0.823813642
0.51840309
0.893682677
0.329961479
0.807775447
0.526835982
0.864671168
0.379929534
0.842592789
0.479956906
0.891392419
0.349278184
0.809928399
0.583796106
0.867404322
0.439157063
0.93742922
0.216739707
0.644159318
0.841919815
0.491072816
0.933030857
0.194825986
0.612384186
0.847361216
0.42022842
0.885720256
0.358915881
0.812270693
0.556022253
0.893279077