0.2
0.514939064
0.861345439
0.459075043
0.931209848
0.2766616
0.74349443
0.673281846
0.733915554
0.737465332
0.69412244
0.778271167
0.621058787
0.929472032
0.282679747
0.740411475
0.711413658
0.703125885
0.822997075
0.595040033
0.89424466
0.295246025
0.772530453
0.596088664
0.842934997
0.451192493
0.876132092
0.458141636
0.933586714
0.178023636
0.537683411
0.838546041
0.542754747
0.860896737
0.484839784
0.883024695
0.347886296
0.861335342
0.414539389
0.809034552
0.588592269
0.780528535
0.565738077
0.883513845
0.33345055
0.861091876
0.430783651
0.891477973
0.372248509
0.870256537
0.452652871
0.843591374
0.413791715
0.884347496
0.393491687
0.875062476
0.391394852
0.843081074
0.583613565
0.80482477
0.58736034
0.917834504
0.305619455
0.829419506
0.463179035
0.88063024
0.305059382
0.797141451
0.539416178
0.918258821
0.320281409
0.804105231
0.639130085
0.870862767
0.431176337
0.808021331
0.578865454
0.786203958
0.572148915
0.924919037
0.343605399
0.843571183
0.519210297
0.939649142
0.239835936
0.608262544
0.870795403
0.34665123
0.811572829
0.55138797
0.849941035
0.509402774
0.823768118
0.550445294
0.88183519
0.364531683
0.815746565
0.48841462
0.819998228
0.510165773
0.920098019
0.240897449
0.652698842
0.713468724
0.695619533
0.831849385
0.438570107
0.789462079
0.594557101
0.805911605
0.582757389
0.853573043
0.396283011
0.859946276
0.428377007
0.936535241
0.215802651
0.645452578
0.905425348
0.37029482
0.868751783
0.392785103
0.951468078
0.144719242
0.46462462
0.862047273
0.441248051
0.881879816
0.394343819
0.835108311
0.480223231
0.994702747
-0.000731411
0.022324414
0.149352834
0.493344488
0.907994334
0.374112418
0.821548042
0.562156589
0.888654454
0.39219744
0.927901987
0.257541742
0.733099233
0.69826147
0.768280782
0.670381274
0.795209359
0.604127097
0.772134487
0.669676707
0.772487792
0.625387541
0.869829026
0.378275621
0.895170117
0.369066201
0.848144188
0.481597476
0.889518752
0.359391644
0.824791924
0.567680707
0.840385433
0.468398351
0.855843787
0.44116065
0.864203484
0.385912054
0.844935501
0.485609975
0.913425101
0.261485804
0.654755635
0.804668222
0.565847192
0.84003799
0.496746364
0.867299802
0.40419661
0.860183131
0.422139627
0.862742994
0.396006136
0.775454679
0.57972288
0.865179196
0.408558633
0.873964162
0.422144407
0.908524735
0.278697158
0.706278761
0.716205338
0.766508423
0.630500394
0.795499144
0.597028135
0.811274623
0.542037328
0.818447683
0.499525777
0.859878533
0.448817122
0.913266827
0.300814789
0.785132269
0.573987285
0.885690423
0.316652126
0.738983632
0.755054048
0.656887491
0.841237736
0.519601432
0.850480897
0.504351262
0.918252968
0.323707496
0.844873255
0.466387758
0.839136481
0.526564623
0.935159905
0.225175752
0.651103898
0.883730286
0.410584247
0.903004392
0.319824764
0.730968493
0.708104705
0.779769815
0.628616522
0.871969638
0.371809822
0.798894393
0.540706442
0.907319315
0.362879239
0.775002796
0.644660815
0.788823395
0.596317789
0.876026298
0.416683267
0.830379379
0.503569231
0.943058327
0.195508877
0.547483897
0.916212028
0.313937677
0.821404033
0.49633734
0.897488567
0.338026894
0.807828594
0.593361333
0.835057596
0.502941144
0.919131384
0.253824865
0.687021252
0.782334089
0.550107656
0.830579922
0.459533877
0.938161302
0.211471271
0.626747883
0.882884807
0.351031769
0.830615766
0.538095482
0.880798149
0.35777452
0.785685333
0.68644175
0.75543906
0.641773471
0.853560097
0.485596694
0.851474173
0.436136831
0.871874497
0.412987705
0.879544713
0.354569168
0.81196842
0.516102957
0.863398072
0.413946072
0.930515368
0.170349048
0.529827661
0.83041084
0.495453878
0.906581521
0.326164275
0.721925596
0.672556457
0.818423048
0.562071222
0.855591803
0.375592954
0.89348833
0.359923287
0.817584725
0.56176077
0.932733589
0.162590434
0.458213559
0.870634413
0.395543898
0.843998948
0.409141895
0.892633433
0.381319572
0.868006421
0.381384719
0.865792516
0.403607734
0.886102804
0.332383275
0.820434529
0.508696935
0.867532764
0.427886055
0.876401562
0.346388069
0.805527089
0.550002619
0.865580945
0.346464852
0.820962841
0.481744933
0.883802711
0.330329608
0.811832925
0.552795709
0.82033679
0.521652347
0.846156401
0.402959665
0.826378883
0.504604823
0.925065642
0.208269376
0.764912824
0.695435896
0.739552757
0.710937319
0.729490199
0.724009792
0.728650262
0.693574474
0.76146982
0.685263264
0.759864491
0.617308602
0.875895135
0.408882006
0.912201968
0.27947075
0.7726657
0.648320184
0.780076887
0.635605713
0.779029058
0.704401074
0.757303543
0.609304872
0.907054196
0.30797384
0.73129718
0.764022113
0.636556906
0.809418175
0.562065682
0.883057096
0.420556148
0.892102639
0.393621546
0.832048401
0.508447022
0.89627983
0.357869493
0.843798939
0.442606228
0.834717091
0.511207569
0.875291335
0.367339517
0.869551897
0.379779848
0.865305175
0.404670688
0.898990314
0.342157561
0.864203185
0.341759006
0.829974454
0.503434068
0.954823537
0.122981581
0.377289529
0.834976127
0.530097785
0.888673041
0.361233197
0.80706532
0.566738242
0.863649344
0.453333028
0.977159212
0.124627382
0.401127514
0.878076908
0.405328954
0.808329231
0.512212053
0.861569386
0.368371941
0.856609528
0.439228658
0.828115589
0.506482286
0.897340657
0.351226197
0.811126831
0.551196938
0.838240651
0.546208533
0.840334592
0.508745227
0.9342967
0.250571457
0.717604083
0.689287201
0.774531703
0.606732131
0.821056137
0.554906955
0.838427135
0.51132969
0.909523139
0.314073686
0.834388748
0.497181266
0.937895653
0.16906647
0.525037958
0.851001428
0.435640204
0.879955805
0.357136063
0.824601071
0.51232638
0.884016088
0.363203927
0.862417211
0.407255526
0.847933154
0.391520991
0.881339124
0.426549707
0.822421742
0.461867605
0.966194165
0.173540307
0.542796227
0.903720143
0.284904318
0.702365187
0.785692137
0.663334332
0.797819297
0.598857364
0.850593536
0.435372981
0.854431233
0.366248733
0.839968652
0.519498329
0.86468423
0.427663444
0.926932002
0.135765567
0.369832848
0.756753156
0.646372733
0.873662666
0.340250937
0.767957307
0.558479746
0.921280491
0.317461312
0.821455935
0.51867992
0.875564348
0.438762947
0.909110807
0.297621233
0.789221858
0.653984278
0.823859417
0.509692462
0.896097848
0.379725624
0.8592206
0.339730451
0.847578899
0.41910909
0.844887839
0.450725673
0.978966277
0.122752769
0.378905204
0.862550704
0.439796464
0.936207668
0.167494903
0.521596769
0.896755489
0.383940136
0.817857404
0.555439889
0.928452353
0.32078602
0.791042424
0.596388307
0.878595797
0.366966007
0.825384572
0.538780903
0.861315452
0.444792611
0.964378082
0.108977046
0.359297116
0.813765482
0.580803668
0.846728831
0.441018417
0.913756953
0.36193153
0.866281756
0.3685244
0.822210363
0.522532859
0.82590839
0.587747663
0.813112011
0.548546482
0.909401753
0.323358803
0.805711428
0.639478426
0.8723946
0.409895165
0.868326626
0.427283839
0.90574502
0.384355137
0.939561353
0.187026877
0.567321023
0.898520691
0.344491866
0.795267638
0.587088292
0.834563328
0.516101484
0.878213373
0.368553312
0.797592632
0.564692682
0.88382948
0.352571161
0.814224935
0.482178398
0.847855409
0.483681363
0.924544432
0.27566757
0.720372368
0.763659925
0.61283102
0.804115611
0.606090413
0.867458872
0.422079442
0.865735615
0.410745837
0.850071818
0.344009377
0.810865565
0.597359845
0.806601781
0.507819886
0.895233941
0.295092124
0.649900695
0.823609545
0.463446156
0.83138186
0.4498873
0.939086995
0.193910966
0.585416713
0.848577875
0.545289437
0.850754656
0.469254751
0.868419869
0.342119551
0.779751621
0.672034813
0.844383198
0.444204666
0.929990397
0.264494936
0.734967765
0.691827875
0.737840451
0.734589515
0.74798936
0.637265274
0.808707993
0.562136242
0.840709982
0.479512243
0.902823314
0.279464913
0.750420358
0.653707566
0.858147538
0.403349925
0.901038937
0.337884854
0.795383718
0.55721334
0.851382627
0.541931316
0.887575836
0.342427903
0.791800317
0.623698959
0.867199494
0.431127249
0.850663526
0.538042093
0.900687707
0.30809005
0.696293084
0.724916137
0.648273901
0.824611686
0.546822654
0.910779625
0.286047465
0.649566111
0.787630547
0.5931063
0.928456654
0.21642173
0.589442434
0.881368352
0.360048877
0.845135531
0.452555201
0.907369464
0.283715629
0.663254804
0.767289007
0.64364188
0.793626854
0.577492494
0.885117338
0.352743612
0.883054997
0.372488749
0.834949442
0.519396111
0.819446297
0.506089201
0.853737527
0.431417861
0.898119856
0.376262319
0.863660079
0.355305377
0.821783266
0.551975132
0.961080524
0.156790399
0.506192308
0.916117039
0.306250838
0.767965807
0.636323383
0.803746013
0.585185519
0.811344323
0.573445888
0.874690935
0.313372186
0.710792799
0.794092929
0.528874705
0.997034699
0.016614987
0.045518571
0.174650105
0.534540522
0.916354639
0.278809042
0.738974941
0.730236681
0.726376149
0.72419687
0.743439967
0.768443847
0.598586676
0.897905209
0.357528836
0.79632652
0.56185393
0.831533565
0.577072143
0.89923408
0.246220666
0.649441102
0.809355069
0.497049229
0.88849525
0.474383692
0.934168204
0.187727405
0.61938535
0.823902589
0.47100428
0.932883851
0.247982028
0.702776614
0.7724512
0.589022712
0.896595074
0.325085044
0.733453772
0.689650365
0.768249939
0.58225283
0.851228775
0.458842443
0.973082386
0.121433535
0.348815853
0.903227565
0.305162688
0.770842049
0.61070019
0.833069482
0.504843424
0.868665629
0.330059346
0.918245952
0.293661114
0.712918089
0.738427351
0.665538025
0.869092211
0.394309132
0.915804762
0.310261539
0.799988404
0.49796521
0.90960594
0.241135255
0.710066761
0.718144584
0.730013297
0.646115974
0.881069892
0.3199909
0.741714588
0.737144471
0.636353112
0.864339222
0.404440099
0.824642869
0.530401652
0.860377064
0.417800851
0.82921014
0.512088431
0.845614279
0.497487288
0.905683974
0.270172272
0.702957553
0.776116969
0.634365541
0.794068921
0.681879167
0.75599537
0.677477358
0.765515723
0.67261902
0.831949686
0.4843036
0.890325304
0.287691632
0.702362418
0.744274426
0.675834525
0.813370001
0.548621594
0.882848997
0.396009151
0.86724305
0.428510864
0.929138156
0.20037286
0.597165606
0.89557809
0.314956715
0.795852196
0.576659996
0.825720248
0.48896834
0.8949387
0.334510933
0.733337156
0.748453557
0.648138174
0.84859711
0.455669532
0.891518601
0.31821144
0.828806385
0.555682052
0.892459366
0.352742081
0.797007304
0.633191382
0.855727252
0.443161036
0.860308017
0.46475967
0.879854515
0.341840722
0.768381538
0.616643115
0.864843915
0.414908896
0.778248937
0.593925896
0.967288482
0.125423789
0.39209653
0.844697755
0.427828624
0.879438208
0.404017303
0.8877577
0.418075917
0.879070507
0.4306883
0.940608647
0.265248117
0.723710428
0.744876342
0.666171666
0.835271044
0.412417318
0.883462981
0.364331113
0.769620516
0.596050864
0.809618285
0.527024652
0.935348455
0.269488495
0.673785654
0.824603161
0.537756229
0.931668496
0.277109253
0.738528703
0.702910922
0.719145054
0.779095018
0.594245129
0.877773024
0.358536382
0.887283907
0.398805794
0.907739763
0.359422601
0.801564564
0.587614936
0.895218575
0.399018642
0.878243995
0.373926128
0.847721404
0.452729116
0.920243832
0.338514444
0.761966081
0.635069177
0.812369529
0.501684102
0.900635062
0.377172149
0.853762018
0.387217111
0.820356824
0.559682899
0.868999148
0.346084532
0.834720274
0.536778117
0.927575994
0.239252588
0.677932044
0.762730901
0.662239878
0.746310312
0.674611293
0.770922922
0.613040269
0.839928642
0.427639207
0.836691811
0.450217646
0.838669039
0.425944009
0.940231665
0.250300277
0.687065546
0.71811607
0.758493109
0.712762107
0.702075677
0.863085792
0.504183178
0.911485729
0.320749003
0.749694727
0.678201309
0.812579639
0.476124951
0.897601746
0.335797504
0.730298273
0.677578615
0.813908447
0.520098672
0.89807228
0.362360529
0.846905569
0.452333534
0.880256857
0.44936532
0.841318833
0.441696066
0.882735388
0.371498651
0.893571575
0.382950315
0.800649975
0.594377578
0.945999265
0.189708815
0.531471855
0.850847381
0.433954937
0.88454801
0.342625739
0.758999369
0.5819692
0.923805915
0.284021775
0.747924292
0.664625342
0.850443422
0.535887742
0.911452271
0.325552585
0.820907355
0.498228823
0.97240949
0.067946528
0.295199363
0.750497767
0.613622185