0.83256634
-0.591318448
0.70547555
-0.315860771
0.460473866
-0.988255683
-0.001769034
-0.647601095
-0.96797372
-0.935157776
-0.36393442
0.971919472
-0.243080617
-0.379926053
-0.734928295
-0.0369683
-0.5676056
0.091074001
0.127461522
-0.531378613
0.603164923
-0.153638654
-0.019958887
0.764607903
-0.376906285
0.269594815
-0.179301829
0.515023719
0.46010799
-0.507470525
0.426740129
-0.804994569
-0.022754249
-0.479013243
-0.342084035
-0.522825388
0.637580841
0.283685638
-0.233470076
0.937532118
-0.721211148
0.01655528
0.709637659
0.176085308
0.226886054
0.341255685
0.11879979
-0.255979865
0.006717827
-0.276065787
-0.528692498
-0.996421787
0.998917472
-0.953713947
0.66403905
-0.269955695
0.682597567
-0.476879973
-0.776950365
-0.362123755
-0.742344558
0.123917102
-0.127629595
0.050239364
0.350047148
-0.515787043
0.558663853
-0.961457845
0.717635426
-0.612817771
0.037947354
-0.182957667
0.329777106
0.53242036
-0.66681768
0.727242144
0.643025103
-0.500260202
0.226256638
0.414321355
0.689990495
0.421327772
-0.947808402
-0.25707917
-0.513986649
0.187110152
0.848050822
-0.356967317
-0.920920444
0.70705738
0.195657637
0.99114276
-0.123517748
0.819545254
-0.358015227
-0.445868257
0.410409672
-0.654010088
-0.621958617
0.028566491
0.106705818
0.726522349
0.28151508
-0.650899427
-0.891060276
-0.969439977
0.454910397
0.775685538
-0.703313662
0.571535964
-0.705890426
0.088901545
0.763461586
0.28395806
0.339645568
0.887504306
0.711780008
-0.972820177
0.242357306
0.47842137
0.167639883
-0.683464921
-0.576256414
-0.610511455
-0.115777603
-0.678056216
-0.138919242
0.686948968
0.262306453
0.410660043
-0.99784186
-0.606065316
-0.359816498
0.030531384
0.942956918
0.395591567
0.364228016
-0.031816556
-0.541595828
0.478390738
-0.969055718
0.589586303
-0.736702412
-0.175367819
-0.91190071
0.929549609
0.296625035
-0.945313026
0.524321881
-0.152187539
0.929717713
0.34140586
0.06226212
0.294896814
0.441145267
0.323856182
-0.38189451
0.141604511
-0.43346561
0.433322551
0.488564287
0.810897645
0.724222553
-0.820092171
0.280478482
0.113685083
-0.346834599
-0.060707858
-0.041297868
-0.659209808
-0.660613558
-0.417061057
0.95710139
-0.122344755
-0.761372406
-0.103500798
-0.755050674
-0.84260721
-0.354708156
-0.503008596
0.539969601
0.804967814
0.68105552
0.69073977
-0.772418322
0.688032259
-0.694905559
-0.617939563
0.47402641
-0.149071935
-0.675980787
0.775706932
0.042563268
0.444258753
-0.138776924
0.661548206
0.78932237
0.233379142
0.862361361
-0.994661314
-0.454262689
-0.729257506
-0.161490427
-0.560018424
-0.111538362
0.260885508
-0.767957075
-0.879759816
0.246647998
0.579811776
-0.586109204
0.20701376
-0.166923988
-0.40367653
0.13153106
-0.374845187
-0.109376691
0.792022784
0.637132878
-0.424688801
0.814679316
0.886792886
0.809269617
0.207161353
0.578885069
0.506102335
-0.845123527
-0.425251685
-0.896371164
-0.792078351
-0.627095823
0.208768764
0.3111357
0.527851138
-0.933090089
0.256025136
0.840206494
0.923886103
-0.79194297
0.851874168
-0.76720708
-0.67584507
0.620398926
-0.928229126
0.454493439
0.70704426
-0.395426145
0.4177942
-0.105797933
-0.159649384
-0.884795296
-0.063431112
0.721820028
-0.541601681
0.775611165
-0.769312227
0.944438795
-0.209069317
0.439491404
0.076066543
0.827839808
0.473721954
-0.690331234
-0.997190592
-0.006683208
-0.883936231
-0.756860935
-0.531097571
0.872565326
0.520726881
0.179524917
-0.129153408
0.476697482
-0.992924581
-0.810482562
0.227064807
0.263798538
0.110717119
-0.250462142
-0.518868217
-0.757162235
0.100012076
0.425406523
-0.623629639
-0.007316914
0.192419413
-0.158446726
0.926096148
0.632190171
-0.463049261
-0.054999783
-0.588524164
0.447166308
0.074390495
-0.10009148
-0.357900413
0.550107293
-0.041696774
-0.591749356
-0.478429639
0.744596317
0.730555308
-0.772487915
-0.054537653
0.006706386
-0.857289094
0.7978303
-0.400638017
-0.047760062
0.222893055
-0.745435099
0.754171256
-0.442564324
0.309710727
0.83458958
0.132927849
0.750074958
-0.828105705
-0.318383074
0.483896531
-0.323178318
0.812500642
-0.022584544
0.593798159
0.84009668
-0.737353597
-0.990616859
-0.059217636
-0.209440704
0.537915856
-0.735945094
-0.198989992
-0.9653846
-0.776495918
-0.928233646
0.790819193
-0.858087791
0.32868271
0.844558188
-0.417245875
-0.468964572
0.216074098
-0.346256093
-0.584557124
-0.936901749
-0.278451036
0.403598572
0.540056139
0.99351042
-0.678082234
0.045909422
0.006356366
-0.29098211
0.18525494
0.627721904
-0.053640864
-0.318031325
-0.449192185
0.00788853
0.302092837
-0.341972991
0.834972704
0.284303918
0.57252036
0.836602422
0.765685696
-0.27386259
-0.705458507
0.480295525
0.205159794
-0.263594145
-0.103649884
0.517664112
0.64991716
-0.945320127
0.600873857
-0.284141352
-0.198748548
0.143373274
0.618105622
0.614673205
-0.574543969
0.314281802
0.462142854
0.346117497
0.28069136
-0.113060033
0.22788518
-0.902638892
0.321309197
0.06783665
0.216400245
-0.471440174
-0.218392547
0.202955682
0.390525946
-0.274879602
0.991330161
-0.180289115
0.777439243
0.076004173
-0.62736105
-0.16230446
0.719171411
-0.29172867
-0.064404477
-0.858121779
-0.638962015
0.517387599
0.974751825
0.854326812
-0.363059046
-0.410829662
-0.224242843
-0.575851617
-0.190433573
0.525233444
0.168991121
0.345121204
0.790255029
0.279708956
-0.329934702
-0.913293464
0.160988701
0.430757301
0.334170837
0.177108683
-0.648453449
-0.486778862
-0.473055336
0.555389974
0.591831161
0.234369242
-0.667939691
-0.204263403
-0.183425784
-0.009082737
-0.819295586
-0.397871273
0.452343771
0.68744609
0.846600915
-0.400361607
0.650721349
0.676963714
-0.375299291
-0.40268421
0.879538776
-0.492629901
0.606305738
-0.130470629
-0.566592451
0.25831554
0.435192145
-0.031791758
0.43962684
-0.352051633
-0.162691169
-0.34170938
-0.026888949
-0.564587093
0.611812424
-0.784085259
0.603015677
-0.044954529
0.655759965
-0.181875741
0.421988649
0.606858278
0.729041818
-0.60684547
-0.494073761
-0.771675288
0.977204084
-0.124481049
0.2711881
0.076982201
0.084684597
0.317747727
0.480473981
-0.326397657
-0.085578513
0.862045771
0.947369981
0.357098572
0.253424412
-0.062893815
0.879123771
0.816395174
0.237080943
-0.113501088
0.440617921
-0.269626255
0.990228021
-0.048435733
0.15045808
0.108969886
0.632610138
-0.343769056
-0.284140481
0.285353795
-0.548280177
-0.029054573
-0.965155686
0.612534028
-0.946298286
0.425139302
0.749036443
0.458534834
0.399793644
-0.759053542
-0.163038202
0.00249846
-0.242314331
-0.528351419
0.103867892
0.546422395
-0.018894629
0.086641459
0.132764655
-0.019778263
-0.439698381
-0.929017592
-0.881376122
0.583103118
0.120038251
-0.760488803
0.412131997
-0.517626021
-0.544084739
-0.58667748
-0.398502295
-0.06025266
-0.581267831
0.090675698
-0.857173691
-0.809997249
-0.512937402
-0.240456841
-0.693612791
-0.667548446
0.125786996
0.773615296
-0.900379921
0.15426569
0.489531039
-0.05556853
0.159803191
0.562676806
0.955782295
-0.158103347
0.738595946
-0.971730127
-0.470226002
-0.938276555
0.271698018
-0.808796295
-0.435404132
0.427456285
0.285991639
-0.574793323
0.633548637
-0.485705726
0.135839371
0.409413278
-0.918956109
-0.562932872
-0.30786935
0.899237131
0.836344617
0.260355975
-0.797296913
-0.537523194
0.990554906
0.502218587
0.814320194
-0.088622876
-0.425221418
-0.092325937
0.943236367
0.917911953
0.471693217
-0.396896087
0.658024709
-0.503991911
-0.863751008
0.150901746
-0.976893006
-0.200798883
0.868395883
-0.305140567
0.612241571
-0.856861282
-0.907745072
-0.975791806
0.953854995
0.940743092
-0.413372061
0.721562721
0.950749329
-0.192702568
0.232989667
0.347565184
0.593232431
0.630149888
0.295230397
-0.820933742
-0.301425932
0.233402226
0.816248639
0.941186638
-0.717633632
0.59976533
0.230587473
-0.035078384
-0.653791404
0.629382992
0.781777768
0.799801781
-0.720180249
0.553982464
-0.223938956
0.611634359
-0.208918216
0.497255876
0.823748445
0.964093365
0.453170977
0.319802826
-0.317655344
-0.968951183
0.015806807
-0.289792417
0.068398871
-0.760257502
0.821716415
-0.171333902
-0.1298309
0.998158043
0.294724027
-0.408721857
-0.064536598
-0.998370183
0.248027554
-0.037426307
0.126304193
-0.800555363
-0.328006912
0.029229078
-0.068280532
0.525494747
0.536403555
-0.588072708
-0.071270443
-0.958592212
-0.49051774
-0.241499241
0.036393438
-0.539613012
0.610115658
-0.757239832
0.583513024
-0.420461599
-0.114582051
-0.605920767
0.887287814
-0.244722895
-0.992373883
-0.689701406
0.22084109
-0.237363
-0.425964333
-0.131674402
-0.183577173
0.462928324
-0.518909337
0.433716784
-0.932623206
0.766392224
-0.858537964
-0.408962299
0.720235002
-0.819751754
-0.824955143
0.233049289
0.130059243
-0.456934374
-0.177188439
-0.791850708
-0.137207432
0.92588898
-0.310193148
-0.089696604
0.596205883
-0.521391589
-0.480607214
-0.261391621
0.098175622
-0.979202948
0.032570849
-0.666807579
-0.195122898
0.162570469
0.809315673
0.767010617
-0.360927235
-0.435408004
-0.455511967
-0.892956071
0.386569587
-0.679463524
0.5277709
0.124667309
-0.831968404
-0.034677646
0.870678608
-0.571831985
-0.343011262
0.237002858
-0.101751082
-0.79699777
0.875842984
0.055167387
-0.392275692
-0.627513966
0.078460186
0.134149221
-0.160766884
-0.679608004
-0.778210236
-0.015137511
-0.574011191
0.366785677
-0.453768195
0.643991389
-0.625431161
0.399995071
-0.750764369
0.051397853
-0.295287854
0.396627614
0.304016636
0.175611871
0.397732489
-0.049976473
-0.705830584
-0.807692298
0.353983817
-0.792470052
0.733909475
-0.305935463
0.550221742
0.260451005
0.916130449
-0.844886764
-0.980327492
-0.806461383
0.495092214
0.663505956
0.097181963
0.256940312
0.81531183
-0.033158708
-0.730609914
-0.304302002
-0.381706421
-0.405971414
0.9555098
-0.111694193
-0.937139612
-0.825415407
-0.770265481
-0.091064146
0.918780338
0.389421025
0.873152537
0.754798065
-0.321244555
-0.42320766
0.636413709
0.97029181
-0.90095066
0.338111808
0.085455162
-0.512992853
0.237497311
0.692314759
-0.232624682
0.875502318
0.472897355
-0.213693303
-0.502187475
0.006081766
0.377575244
0.421351734
-0.898107789
-0.536200494
0.435295167
-0.028876012
0.747520204
0.101245302
0.15751848
-0.216332858
-0.528139582
-0.159377893
-0.206728613
0.891402081
0.19378575
0.055464557
0.705855013
0.881359029
-0.583883941
0.161495239
-0.805690466
0.400362879
0.740642855
-0.467311145
0.289049444
-0.440850581
-0.849792843
-0.848271233
-0.333306581
0.975133248
0.69958913
0.758440513
0.967621247
0.868344654
0.396152203
-0.965805888
-0.594774052
-0.996618689
0.235035498
0.737691451
0.675849225
0.210093605
-0.341610938
0.908891151
0.66440845
-0.733868883
-0.783622815
0.709338981
-0.031720898
0.63726662
0.532602594
0.578525566
0.655563526
0.557904678
0.116950217
-0.077511932
0.062878453
0.496863792
0.730272702
0.349623058
-0.232010218
-0.657804334
-0.925544988
0.835041316
0.734962595
-0.109803916
-0.857821021
-0.759929864
-0.291163808
-0.650862407
0.577291663
0.761940712
0.588858379
0.722062171
0.438204202
0.930678035
0.487427018
0.396095896
-0.82296712
0.727061029
0.471946406
0.909147796
-0.694337189
0.909744032
0.637253463
-0.34878699
-0.24247982
0.152357284
-0.540803026
0.350594534
0.542845475
-0.845260789
-0.784980948
-0.287880807
-0.754782603
0.602172833
-0.638188383
0.994997959
-0.536235601
-0.644120511
0.912416853
0.569467146
0.00265426
-0.467805412
0.238851522
-0.064375374
0.086634245
0.339923215
-0.927940544
0.056717932
0.509122455
0.52280796
-0.413535322
0.122444944
-0.515295299
0.164695014
-0.561308684
-0.567754375
0.065303759
-0.789495038
-0.00398407
-0.058058095
-0.103289122
-0.884480223
-0.866925326
-0.092455801
0.422371829
0.413092233
-0.868353572
0.213321115
0.734499701
-0.599814755
-0.798917361
0.445792389
-0.207998331
-0.250076256
-0.596004992
-0.625562917
0.952395125
0.163062914
0.657165961
-0.508850717
-0.663235416
-0.206756149
-0.825264922
-0.325776344
-0.138498148
-0.990318626
0.088056779
0.749250146
-0.637851848
0.740691769
-0.555137527
0.001127192
-0.013244176
0.113993886
-0.134534174
-0.372952142
-0.027768376
-0.146802635
0.193198766
-0.643655471
0.725858385
0.555128952
-0.400117573
0.1856801
0.399124245
-0.327215564
0.568842728
0.312035452
-0.360252704
0.554470034
0.708981961
0.35907984
-0.716197574
0.012404083
0.402885424
-0.522852381
-0.515613593
-0.853107717
-0.628715081
0.466017936
-0.581792082
0.906770747
0.843200912
-0.882793695
-0.229175309
-0.413359194
0.918663146
-0.900269278
0.241167339
-0.950606359
-0.13292368
0.634176839
0.504024101
-0.925524584
-0.241280335
0.778657838
0.833546579
0.770251949
-0.223167713
0.640654736
0.271529911
0.500042046
-0.614160722
-0.068364825
-0.254897392