-0.308385029
-0.43179227
-0.768981571
0.483544296
-0.844880702
0.817819232
-1.576155258
0.554482823
-1.531005495
0.473704787
-0.600049033
0.010893088
0.597721113
-1.544194106
0.807215892
-1.809776987
0.645555395
-2.292135293
1.96136206
-2.037602087
0.825311519
-0.858281026
0.858425877
-0.461672176
0.48398164
-0.222259608
0.164117784
0.106051523
0.427565493
-0.21879652
-0.4848726
0.250268995
-1.58218211
0.223487656
-0.750480818
0.622929858
-0.551877586
0.640971028
-0.051501284
-0.857372901
1.332541591
-1.633392033
0.727356669
-0.50856596
-0.370003068
0.553312436
-0.536919836
0.570330537
-0.87511825
-0.022037004
0.123805323
-0.810958538
-0.485468574
-0.491282895
-1.546970807
2.297852283
-2.506040578
0.054333988
-2.365408299
0.673946202
-1.331677114
0.406195066
-0.175796156
-0.178045364
0.157010659
0.550353772
-0.333144525
1.181330822
-0.331385698
-0.63355798
-0.837039017
0.992265752
-0.438826493
0.562241236
0.56372576
-0.538455563
0.836675051
-0.042127086
-0.872997049
0.770751008
-0.32557422
0.326351174
-0.798043754
0.090346277
0.146717802
-0.242775145
0.190933098
0.194557544
-0.194792322
-0.247839633
0.120652607
-0.100568882
0.516641043
-0.557137195
-0.35495406
1.190381957
-0.831451595
1.640491415
-1.474011496
0.223779913
-0.496953722
-0.325403542
0.043261358
-0.59211511
0.809029802
-0.513321803
0.522477017
0.570829305
0.047977739
-1.086755391
1.348924296
-1.32500284
1.259145996
0.614916218
-1.056220358
0.760916166
0.289306277
-0.367034629
-0.730399983
0.4489167
0.206291167
-0.23160038
-0.253673783
0.271094344
-0.276072201
0.265162944
-0.621441328
0.247223451
-0.312002052
0.525426753
-0.738652258
-0.082868724
1.168702679
-0.551025226
-0.058937709
0.903528238
-0.998709362
0.762537031
-1.405092028
0.702794011
0.358930087
-0.375454122
1.01115904
-0.720095009
-0.095554537
-0.623728515
0.973309724
-0.958625209
-0.292771988
0.231675271
-1.15472856
0.424105384
-0.440900627
0.46701729
0.413487182
0.342231057
0.73057749
-0.795620348
0.459624119
-0.278390599
0.21399542
0.595173653
-0.056542076
0.432888787
-0.287246672
0.219221439
0.100026109
0.076116965
0.464235833
-0.013762069
-0.494348088
0.556623714
-0.370059542
1.019820783
-0.609324444
-0.078241573
-0.779537902
0.501037009
-0.433519587
1.007218625
-0.852956843
0.796278276
-0.146399203
0.006870296
0.581248746
-0.734383847
0.346080051
-0.745671589
-0.45640452
0.679267621
0.1012092
-0.770665661
0.473314453
-0.209235469
-0.107605922
0.151701801
0.008656696
-0.10419127
0.685946885
0.424958298
-0.699599426
0.730988147
-0.992035803
0.584195068
-0.554976491
0.944092135
-0.841723181
-0.313004079
0.257349609
0.650660457
-0.085208475
-0.774980119
0.127057934
-0.54030959
0.762181566
0.105786849
0.207068119
-0.695120669
1.832083327
-1.583808532
0.309157098
0.389526687
-0.079099617
-0.487597529
1.17900139
0.104016501
0.393458501
-1.089368321
0.515695148
-0.913770777
0.074438277
-0.106877591
0.445936343
-0.185870923
0.614376816
-1.110893614
0.996036068
-0.74620795
1.196415904
-2.009536
1.481767662
-2.371727025
0.978050931
-1.37843771
0.408756274
-0.052950823
0.136638761
-0.808948548
0.626174727
0.45902949
-0.925039748
-0.863368353
-0.541807991
1.190100527
-1.340869244
0.911631088
-1.65566982
1.694536264
-2.032477387
0.876096363
-1.325432839
0.61902233
-1.556413861
0.459084239
-0.750799989
0.439270276
-1.071900404
0.996624213
-1.837655813
1.564060235
-1.149051634
-0.005781986
-0.469099216
1.406143529
-1.147565558
0.966203271
0.127444908
0.02976565
-0.339613121
0.090941804
0.210282723
-0.13588594
0.210578011
0.406106903
-0.668927199
-0.127874615
0.532188427
0.070103647
0.731685529
0.53546557
-0.779129182
1.323398306
-0.844131733
0.782799464
0.296860277
0.028597628
-0.035887777
0.066651308
-0.436817797
0.041844709
0.141584065
0.048356986
1.152780662
-1.506350873
1.69088215
-1.277300994
-0.144995832
0.192643884
-0.488295666
-0.068497679
-0.513473423
0.069705346
1.204315936
-1.4573233
1.042758991
-0.269958072
0.258755949
-0.278382205
-0.204966236
-0.488914387
1.342219013
-0.673685107
0.448881482
-1.873527484
1.044081221
-0.85734846
-0.291952949
-0.361444464
0.547689953
-1.140650212
0.684700202
-0.839229349
0.997808688
-1.305727065
0.232356765
-0.737913155
1.116256598
-1.451567313
0.361509183
-0.628373426
-0.315141921
-0.066012504
-0.449533657
0.159778757
-0.537951524
-0.125048455
-0.711983248
0.639688411
0.205526468
0.494857787
-0.602565565
0.325752874
-0.695677836
0.435520079
0.299602051
0.179213323
-0.191939214
1.014506966
-0.796110064
0.670926879
-0.249722253
0.461048498
0.123829954
-0.089990397
0.273457995
0.507085214
0.255307317
-0.475073078
0.108907977
-0.056335158
-0.578953982
-0.23789144
0.6747423
0.473477335
-0.66796829
-0.659017842
0.58332737
-1.150528581
0.461372356
-0.473058414
0.547869473
-0.673812719
-0.704815856
0.444847647
-0.726811469
0.704210855
-0.265863576
-0.35246725
0.216057495
-1.076083752
0.461676874
-0.908721562
0.70433711
-0.635049737
1.410689994
-0.487857781
0.169501203
0.133326025
0.401705062
0.478261554
0.231471174
-0.859925829
0.470529359
0.300115954
0.597729372
-0.84465464
0.991558118
-0.954392397
0.396866626
0.759197548
0.819909525
-0.343154291
-0.10173494
-0.02396379
1.000563975
0.154710953
-0.965565326
0.63327749
0.092861259
0.163383677
1.022978294
-0.123866196
-0.842921699
0.080255253
0.352678017
0.674203491
-0.870674422
0.155315093
-0.049188136
-0.024194291
0.954812438
-0.939199131
0.186435433
0.050194265
-0.049463142
0.083268385
-0.237041075
-0.291289321
0.34037187
-0.295024095
-1.125009763
-0.468331943
0.134783702
0.054756295
0.514689059
-0.50865198
-0.141718794
0.475718246
0.319814983
-0.611064643
0.368861207
-0.225194332
0.405211126
0.225193552
0.174624854
0.115935812
0.339831864
-1.241894869
0.95416252
-1.190174391
0.623382123
-0.474312069
0.988240341
-1.90638831
1.325486265
-1.261319833
1.364541503
-1.826865236
1.371840193
-1.714799457
0.600760557
-1.774585926
0.609997477
-0.620652812
1.634854426
-0.619233896
0.265045007
-0.58201828
-0.461089185
1.017052025
-0.998069939
0.250585131
-0.602390493
0.829768258
-0.525659402
2.157663552
-1.020140091
-0.038369275
-0.092695588
0.203714254
0.03865655
0.475846277
-0.232789961
-1.222063996
1.536754516
-0.913404028
-0.463936228
0.382367357
-0.925936784
0.295533886
0.480191377
-0.847236135
0.640262535
0.477543553
-0.494891615
0.476617967
-0.931695462
1.358472711
-1.104372349
0.155759407
0.123136617
-1.139881544
0.996225807
-1.145480256
0.617980467
-1.076507395
1.231361872
-1.127784499
0.788943372
-0.516822921
0.445813534
-1.129968683
-0.221732761
-0.075439087
-0.00193758
-0.237149256
0.009470934
-0.444618387
0.674208003
-1.560638476
0.991574404
-0.836896926
-0.188584871
0.110079421
-0.348688722
0.371417713
0.227564442
-0.147083866
0.672875336
-1.500302079
0.254202854
-0.588605399
0.438548227
0.17268708
-0.680398175
0.007273044
-0.004042719
0.458096417
-0.999367871
0.716088799
0.001335931
0.293527051
-0.501160612
0.722152931
-0.780391713
-0.071766005
-0.724156863
-0.349105426
0.81942152
0.113873033
0.344990264
-0.528506996
1.406760492
-1.571315582
0.557479747
-1.2020276
0.272751053
0.303832427
-0.605421675
0.861886931
-1.061835021
0.145344657
-0.639857861
0.59946447
-0.590284015
0.260575588
-0.033193546
-0.520213325
-1.2357856
0.107294861
0.137386333
-0.259994628
-0.968006862
-0.374751381
1.06912055
-0.971377236
0.671724058
0.019982091
-0.669487006
0.147605598
0.12233209
-0.422186904
1.119216219
-1.995700419
0.33977785
-1.291800294
1.262781705
-0.668762226
-1.020333109
0.550769614
-0.614630915
0.447854827
0.762386699
-0.616597128
1.605416593
-0.171675764
-0.534774517
0.383033861
-0.206894047
1.260426407
-0.628769179
0.836096122
-2.055302529
1.868438056
-2.490859842
1.535929231
-1.43926668
0.580150597
-0.489275626
-1.050834203
-0.438977634
0.263149858
-0.761803576
0.388561361
-0.038452338
1.077043429
0.108752235
0.024961187
-0.132361132
0.012943659
-0.177291564
-0.627785009
1.063527679
-1.271891749
0.438446142
-1.460912805
1.552649626
-1.23837818
0.751303218
-1.089633487
-0.994780583
0.574117407
-0.546486116
-0.21440005
-0.421520326
1.530203094
-0.826767202
0.920767077
-0.411682907
0.527642521
-0.673386612
-0.090907587
0.009192649
-0.890198292
0.61147524
-0.537510905
0.286267237
-0.001248082
-0.356344336
0.594015681
0.140256989
-1.077104885
1.492958383
-1.67214968
1.216880723
-2.088932722
1.540408083
-2.334969573
-0.002140806
-0.883616161
1.058530287
-1.383067982
0.113379355
-0.53122376
0.250176582
-0.280462424
-0.505075956
0.008996034
-1.180414143
1.571425941
-1.519106185
0.660021608
0.397963416
-0.727802637
0.250654054
0.054774625
1.790954472
-1.876567548
0.337729317
-0.120828149
-0.483258393
0.303264042
-0.754035709
0.500480523
-0.10892707
-0.184958691
0.885666325
-0.233985021
0.832765259
-0.342352696
0.744727628
-1.70620399
0.380204465
-1.086947092
0.7593298
0.079124342
-0.446276636
0.140166792
0.180050143
-1.416143829
0.938330165
-0.709396017
0.204822077
0.166582882
-0.126707852
-0.53788993
-0.066866195
-0.879121448
0.396017024
0.164158057
-0.218703369
0.341221448
-0.083888271
-0.606139174
0.792457655
-0.800353754
0.242249398
-0.316324425
0.707827852
-0.873468513
0.377063594
-0.462716557
-0.142661047
-0.09163308
-0.051140483
0.091571391
-1.038153911
0.389356843
-0.580351015
0.921596476
-0.473955189
0.290198386
-0.640743426
0.053240098
1.05507591
-1.196372419
0.530795596
-0.132799881
0.632891514
-0.497663131
1.046915638
-1.67703064
1.851497637
-0.718275625
0.018271698
-1.64730861
0.469167182
-0.74257527
1.005596242
-1.083714856
0.530754483
-0.297826052
0.766845906
-1.157504306
0.028309908
-0.783805186
0.451690066
-0.548916134
0.842614573
-0.188150904
-0.778990218
0.203839894
0.243784542
-0.144359318
0.590157735
-0.283455744
0.124152319
-0.832190011
-0.287465037
-0.154627364
0.590051992
-0.961975291
-0.598663742
0.871279464
-0.057013861
-0.316161636
1.514172959
-1.101318461
0.428476451
-0.088422333
0.267336199
-0.589174637
0.550249626
0.210982972
0.643306198
-0.136431432
-0.286703457
-0.018460889
1.063872973
-0.565952374
0.943605252
-0.784625912
0.89894519
-0.532320625
0.624012262
-0.549320224
-0.537277325
0.375950894
-0.505288764
-0.212986403
0.761584935
0.511027457
-0.573278265
1.402003403
-2.241737657
0.869152461
-1.245304893
-0.153379693
0.307423071
0.165888824
-1.122682706
1.136761229
-0.52148077
1.23769856
-0.783790042
0.157056562
-0.059632271
-0.293902178
0.378480413
-0.538596187
0.447448499
-0.305069694
0.503813374
0.821295671
0.592343169
-0.46145589
-0.225336984
0.4701123
-0.128626248
-0.436511953
-0.146052559
1.724998249
-0.848211102
0.129688512
0.327663363
-0.462458231
0.819884667
-0.435199493
-0.208208755
-0.25056008
1.001048559
-0.088181574
0.440354357
0.489098877
-1.078061541
0.550292157
-0.738355628
1.29228241
-0.66830806
-0.329160987
-0.130341962
-0.210722088
0.496065747
-0.298857113
0.326496557
0.784044523
0.268375979
0.441941565
0.249118333
0.606041263
-0.007936757
1.278195715
-1.672476948
0.941116435
-0.480519303
1.300401515
-2.094604397
0.850759803
-1.281747234
1.013921344
-0.858708971
0.366382685
-0.426182779
-0.329524699
0.481335604
-1.295074729
0.597210211
-1.081736375
0.705104005
0.196213345
-1.543463669
1.48156489
-2.355710755
0.796444064
-1.467032673
0.209729831
-0.8251587
0.206142597
-0.211007323
0.428659384
-0.974438913
1.237933841
-2.032745102
1.527195267
-1.211294867
0.428837899
-1.202962438
1.615232749
-1.194049304
-0.047906477
-0.754636731
0.087791369
-0.708094969
-0.151633578
0.928800806
0.082588257
-0.652207916
0.833650382
-0.993802201
0.855270965
-0.620977935
0.643748768
-0.826701694
0.050021397
0.369370281
-0.356857956
0.989583832
-0.285626986
-1.104328011
0.990541768
-1.21516032
0.535191325
-0.523973737
-1.180076631
1.248301899
-2.019907665
0.968135807
-1.890989366
1.39968511
-1.822040384
0.433259718
-1.374816655
1.732687306
-0.974868708
-1.043776654
0.278828351
-0.910227648
0.162548855
-0.705958673
0.658898049
-1.506305322
0.831072348
-0.569774678
0.620627922
-1.357790827
0.061553056
-0.2149449
0.004288562
-0.41733528
0.580273782
-1.237643074
0.620404989
0.282362189
-0.525521041
0.755138852
0.415246788
-0.771684158
0.876219972
-0.732892334
0.682384167
0.283522903
-0.873675443
-0.00752116
-0.422157933
-0.926667503
0.098629653
-1.399183472
1.26884084
-0.983421797
0.287735836
-0.604558661
0.02538064
0.734355812
-1.292170643
0.933141076
-1.25909076
0.308438795
0.079579877
-1.085442886
-0.807632721
0.847500508
-0.083275376
-0.079388824
0.08570813
-0.858948339
0.983558431
-0.867770575
0.81452723
-2.128598985
1.235681305