-0.455891987
-0.889041655
-0.380062726
0.901335147
-0.524374358
0.962491571
-0.997360755
0.572879156
-1.39618199
0.810840851
-1.033231969
0.712460442
-0.012425973
0.389104017
0.104183165
-0.253376745
0.510498813
-0.950184685
1.433793102
-0.248564937
-0.189159633
0.086554149
-0.050334868
-0.307783436
0.333322789
-0.848124628
0.568312287
0.068594701
0.611677224
-0.7182699
0.114987484
-0.36955971
0.264200855
-0.314360917
0.481598398
-0.516550255
-0.14040411
0.940057869
-0.738873965
-0.52361629
1.083420593
-2.198332471
0.821955973
-0.876681163
-0.035211022
0.584775486
-0.235364078
0.1512623
-0.017091497
0.364278065
0.103442207
-0.760683144
-0.523334622
1.08679135
-1.166798234
1.252369144
-1.278486302
0.796048774
-0.058395638
-1.029339935
0.848924632
-0.495836341
0.778224295
0.055805034
-0.528890943
0.334441768
-1.321777737
1.524048544
-2.224177187
1.823798963
-1.821471778
0.969932894
-0.460008772
0.751003927
-0.035403382
-1.279138552
1.501852195
-1.920887682
0.07365878
0.077113819
1.039591136
-0.066986157
0.357830146
-0.384830608
0.676953115
-1.101811897
0.944301097
-0.955306605
0.011230635
-0.506174082
0.481920727
0.096022159
-0.404929447
0.210211592
0.199892023
-0.616408619
0.04854692
-0.296251824
-1.047395646
0.255812739
0.05643015
-0.235123883
0.420998564
-1.327667726
-0.029138232
0.166378326
-1.011743688
0.103180678
0.020612605
-1.178549032
1.365184742
-1.741000015
0.449294384
-0.378010929
0.095618014
0.570055742
0.033730995
0.427209374
-0.104965608
1.020244745
-0.142016715
-0.283655667
0.712027664
-0.771711928
0.416113232
-0.578736014
0.142482078
-0.092612465
0.624123776
-0.663385498
0.324300333
0.098929626
-0.325710591
0.415160574
0.54800146
0.468959538
-0.282827023
0.953585594
-0.90511828
0.487547425
-0.015191559
-0.270809326
1.396898035
-1.197865862
0.969801169
-1.270537714
1.411877262
-0.878443604
-0.321590599
0.754313409
-1.563602211
1.718544274
-1.698256271
0.448585088
-0.305595798
0.006624124
0.518765835
-0.270776208
0.386987539
-0.315992136
0.399538082
-0.062737658
0.256670535
0.479233791
-1.319765215
0.957695922
-1.254771878
0.383546674
-0.643271825
-0.007264137
-0.459058602
0.249320666
-0.082874122
0.391205677
-0.940640218
0.100185097
-0.054148917
-0.764195748
0.35553039
-0.594240663
0.073452151
0.230947096
0.019858186
-0.034959095
-0.106947072
-1.351032339
0.87476334
-1.43751359
0.49887989
-0.177140161
0.131924435
-0.081122749
0.398011827
-0.586553598
0.233545467
-0.024292038
0.233828591
-0.343027399
0.230766177
-0.331607235
-0.613463263
-0.378788802
-0.43426124
-0.060602813
-0.080939019
0.359224933
0.098378538
-0.247969793
-0.433872883
0.648336815
-0.667218119
-0.500699504
1.09029171
-0.916228122
0.509789221
0.122859283
-0.814362938
0.9910161
-0.087520858
0.56051092
-0.141504925
0.496918748
-0.629391193
0.929666188
-0.338952927
0.380248745
0.093007493
0.032688619
0.38454835
-0.254891663
0.003906082
-0.649260349
0.652231321
0.005576629
0.222911408
-0.417043408
0.30316676
-0.271369964
0.024154198
-0.519636107
1.537134249
-2.132452207
0.948096823
-1.13020322
-0.109665282
0.427738442
0.238532366
-0.991343379
0.859136561
-0.389201824
0.091341812
-0.667438732
0.831985231
0.186500545
-0.206654987
0.324174908
-0.804101181
1.199411489
-1.134521787
1.081855209
-1.249659508
1.040038145
-0.636743944
-0.381392781
-0.106101627
0.370309
-1.293443427
-0.005762467
-0.79429563
1.486192728
-0.917944901
0.443468972
-0.09474374
0.085929243
-0.563487792
0.495974031
-0.168832092
-0.062460728
-0.392325812
0.884497375
-0.944835394
-0.03261038
0.384146527
0.313190475
-1.106005896
0.609734964
-0.585718269
0.276676388
0.353202195
-0.407190245
-0.28288203
-0.102174757
-0.58789491
0.615439631
0.076040532
-0.795226738
0.532728992
-0.713829268
0.112058732
-0.362559329
0.337124487
-0.422951627
-0.085548898
-0.288229868
0.608562048
-0.665990949
-0.778310111
1.505751265
-1.220869104
0.350928626
-0.062179072
0.055048024
-0.102959077
-0.667940743
0.43387477
-0.086625255
-0.285657153
-0.136436878
-0.308428114
0.593091669
0.138545645
-0.729173003
1.086099682
-1.092803961
0.976806636
-0.80307199
-0.024201974
-0.609799841
0.261887999
-0.161074602
0.358905845
-1.157393195
0.664354589
-1.171980346
0.235900228
-1.341535755
1.482300031
-2.260019892
1.25531725
-1.572976589
0.44234902
-0.738129612
-0.057481116
-0.363696011
-0.509550869
-0.693152513
0.074739709
0.035381706
0.398481275
-0.290332814
1.27593435
-0.104933396
-0.418986008
0.277911842
-0.131000608
0.470627309
-0.375704917
-0.135547339
-0.121276016
0.500077398
-0.318924247
-0.48851681
1.035191229
-0.547985713
0.804141773
-0.340873058
0.75866988
-0.641304955
-0.393089191
0.770682486
-1.050790017
1.205164756
-0.797541015
0.021838621
0.587682571
-0.943129764
0.691276653
-0.274316192
-0.06038333
-0.088181499
0.39285414
-0.114820363
0.092741852
0.391388334
0.387394533
-0.470017878
0.367007142
-0.414677685
0.602862332
-0.730573473
0.451321801
-0.931506161
0.764945752
-1.121507868
0.337561452
0.093948027
-0.214668675
0.065761597
0.36884587
-0.242873767
0.711642431
-0.053247007
-1.183925992
0.986810516
-0.448042883
0.345759207
-0.519900946
-0.228912354
-0.116303476
0.820858315
-0.217172979
0.263442346
-0.796373928
0.414554424
-0.556441187
0.370222028
0.630162025
0.354354947
-0.235150562
0.385264793
0.268600858
-0.835187979
-0.200074305
-0.737686626
0.135511795
0.202026493
-0.094154946
-0.530508099
-0.110951724
-0.082001568
0.128448934
0.225960339
0.015782981
-0.5711346
0.53080915
-0.822347329
0.667744721
-0.115049778
-0.109424666
0.485323959
-0.369823385
0.452384466
-0.259950229
-0.66589436
1.07469468
-1.042724379
0.33198098
-0.369944572
0.924143589
-0.452857773
0.567101513
-0.208592124
-0.580005515
0.805274219
-0.848025644
0.078525625
0.021450505
-0.531176257
0.306078533
-0.439716652
0.167390957
-0.464108418
1.019161146
-1.387782203
0.963381945
-1.76687209
1.497054425
-1.120786013
0.011194535
-0.636124815
1.308750947
-0.772096912
0.375704076
-0.474025648
0.66144475
-1.047880092
1.060997448
-0.258949073
-0.051786435
0.340358027
-0.18606165
-0.410357276
-0.025496524
-0.37268223
0.525390339
-0.038545297
-0.320311553
0.161600656
0.800627829
-1.37646796
0.118502191
-1.293824588
0.859798498
-0.504018191
0.183009199
-0.821401002
-0.255207561
0.404710635
0.600260783
-0.300669375
-0.022953045
-0.017871166
0.130543477
0.270275995
-0.638444216
1.286341637
-0.908012302
0.837946238
-0.485425484
0.192300974
0.379959287
-0.600018387
-0.510675712
0.694907707
-1.03755469
0.030939783
-0.20664893
1.248159292
-0.415113375
-0.02416376
0.186781582
-0.025323716
0.287613954
-1.002323056
0.576666613
-0.000456073
0.370973756
-0.969348092
1.148752576
-0.796870458
0.953972811
-0.75829195
0.279171787
-0.063831455
-0.419250357
0.332569134
-0.477849528
-0.25328879
0.211437794
0.625023604
-0.815349658
0.367573985
-0.240125369
0.8313622
-1.448719445
0.805920952
-0.329364377
0.732353982
-0.012808751
-0.316290816
0.37136546
-0.592991262
0.021293887
-0.034773526
-0.563076771
0.000956459
0.501146873
-0.505470261
0.430497265
0.785281219
-0.038537846
-0.336921643
0.63794885
-0.644276245
0.762670298
0.421076972
-0.024659492
-0.237548229
0.328724811
0.469249873
0.057997436
-0.323479497
-0.260684178
-0.310052085
0.99608525
-0.817133418
0.45822354
-1.025038998
0.228209385
-0.245429034
0.463559284
-0.139305191
-0.565954218
-0.489721678
0.866959259
-0.717620744
0.257194951
0.075249816
-0.196341658
-0.108314357
0.043070087
-0.00685999
0.466018714
-0.779378083
0.071327846
-0.471961065
0.790794127
-1.424076981
0.303417405
0.430419471
-0.569817381
-0.557570976
0.40505012
-0.599651209
-0.444546688
0.42458092
-0.889819573
-0.615501868
-0.242770513
0.762169645
-0.236552995
0.548352593
-1.183083339
1.97116713
-1.845913451
0.571122377
-1.453680583
0.609011278
-0.753981005
1.138953867
-0.819398839
0.465732208
-0.218640327
0.761502184
-0.375107035
0.344772243
-0.237278772
0.782992677
-0.031624383
-0.439771568
-0.209682321
-0.256077289
-0.056714753
-0.150534456
0.239829806
-0.90827791
1.392351251
-1.455603659
0.99249587
-0.730571093
0.535081854
-0.510342375
0.233135432
-0.94881072
0.566407394
0.308623441
-0.221733165
-0.481081045
0.12925511
0.286644244
0.006906388
0.428698285
-0.442998367
0.617252075
-0.229429118
-0.520247541
-0.412567669
-0.154901745
-0.550138557
0.085161329
0.605111836
-0.708582559
0.786403008
-1.7596784
0.692493198
-1.244890077
1.866768853
-1.923786339
-0.014035098
-0.541797572
0.444289174
-0.328034248
-0.172610538
0.282810194
-0.421673296
-0.165045324
-0.670464032
0.753159828
-1.41500883
1.258996938
-1.609246202
0.604729297
0.322259447
-0.830936712
0.210267424
0.325876343
-0.987383865
0.050064744
-0.611928417
-0.165979994
0.323303418
0.767734208
-0.675090822
-0.336652607
0.425704394
-0.434817905
0.831807552
-0.316655564
0.503108442
-0.668500258
0.920249032
-0.929677186
0.448156098
-0.561986195
0.844354589
-0.99813079
0.343851233
-0.542118596
-0.62348733
-0.640785667
1.283223778
-1.865488879
2.306407103
-1.915745077
-0.228646797
-0.040248174
0.616412884
-0.667180259
0.343498879
0.082450733
0.180996197
-0.310595601
0.905444845
-0.505202223
0.788124191
-1.146744649
1.119932474
-0.546637076
-0.280081436
-0.396707298
-0.53987722
1.214947227
-0.849724723
-0.184514773
-0.503223224
0.629790665
-1.47386046
1.06644211
-0.263820869
0.566392794
-0.847422171
1.436832698
-1.164837946
-0.112061957
0.377778912
-0.127168674
0.028708733
-0.042266742
-0.033353853
-0.213734337
0.606351932
-1.271142196
0.917658193
-0.822974432
0.173440018
-1.101286283
0.406761417
0.207675468
0.571123259
-0.493752395
0.985153582
-0.618530427
0.643997259
-0.916395787
-0.097529704
0.005156426
-0.431797562
-0.654974629
2.166398417
-1.424832877
-0.627831467
-0.089944675
-0.482044034
1.112471475
-0.372844162
0.563270778
0.307191633
0.223113478
-1.277943248
0.724214769
-0.804165445
1.242930736
-1.765753604
1.235281315
-1.884872094
1.203469569
-1.580373845
0.601420329
-0.550101818
0.15979359
0.189015522
-0.519158942
-0.316364377
0.376141735
-0.416386808
0.198278875
-1.164023248
0.671483163
-0.793031233
0.559968654
0.007730162
-0.561346
0.321370325
-0.143561299
-0.051025329
-0.329493576
1.065732532
-0.407506398
0.082162557
-0.305828023
0.785685354
0.170975532
-0.897564878
0.672995244
-1.606204941
0.943707159
-0.76601374
-0.186330445
0.531874311
-0.595576881
-0.086175083
0.023543137
0.091912696
0.65599963
0.186510925
-0.338661249
0.695786593
0.053253828
-0.340660135
-0.186771727
-0.043653178
-0.859890815
0.591376962
-0.201883052
0.182438659
-0.860201932
0.732399499
-0.306951643
0.484679234
-0.906563644
0.286289768
-0.044037578
0.298691831
0.595969063
-0.227767987
0.311793599
-0.260978274
0.764660153
-0.354103087
0.043880523
-0.274935239
0.718568529
-0.358306266
-0.257396488
-0.483898252
-0.23103605
-0.056582065
0.615937423
-1.168174485
0.131823166
0.305231309
-0.236110246
0.144121245
-0.481343938
0.292733921
0.008148838
0.309414501
0.237391239
0.475367608
0.094435274
0.400369853
0.413666073
-0.141375138
0.849437786
-0.208020545
0.173603826
-0.338329461
-0.002253341
0.186148658
-0.508506806
-0.375313933
-0.099263263
-0.84175144
0.535402796
0.136027101
-0.165053508
-0.434182193
0.642011689
-0.548123312
1.124833342
-0.7103539
1.067248204
-1.155543464
0.008144783
0.931893739
-0.755880493
0.279712185
-0.76508458
1.276961488
-0.558224994
0.595798619
0.323369332
-1.069141257
1.036175754
-0.324247844
0.780927441
-0.672256217
0.366210871
-0.52635427
0.386924778
-0.312658655
0.764508609
-0.740324144
-0.233314017
0.03362602
-0.526842927
0.285258834
-0.079181858
-0.09629869
-0.395174351
0.131500979
0.29008295
-0.89586827
0.211266381
0.26681445
-0.249178997
0.213778531
0.259135078
-0.150851406
-0.225538103
0.003815726
-0.763012633
1.02058234
-1.049408012
0.533998775
-1.045006578
-0.183928865
-0.435600572
-0.521471586
-0.196242599
-0.522327386
0.446836065
0.462526369
0.160399405
-1.193640332
1.539751263
-1.067215237
0.0744465
0.878488727
0.320141704
-0.288124695
0.307686893
-0.464050269
0.22429179
0.235425395
-1.240262057
1.256224639
-0.839260002
-0.798368793
0.25136587
0.181028047
-0.633110209
0.736440946
-0.15996107
-0.092448211
0.274629383
-0.065822282
0.729557774
-1.380765621
0.544780923
-0.464773482
-0.139305303
0.454256556
-0.167263084
-0.531952733
0.90299328
-0.210993319
0.661160409
-0.427645354
-0.917048821
0.399837201
-0.512924562
0.596281211
-1.595439516
0.484178236
-0.727974695
0.87904038
-0.098076674
-0.104547169
-0.047394534
0.91759692
0.059642106
0.410098771
0.234768465
-0.780611742
1.56042674
-1.33844656
1.292087675
-1.461122844
0.140798471