-0.273026301
-0.334379094
-0.442454082
0.557105
-0.743076735
0.869211746
-1.205630078
0.925371223
-0.951534506
0.157593297
-0.463958795
0.449586331
0.202370518
-0.578418779
0.382684047
-0.430558405
0.728024722
-0.790170584
0.587835742
-0.503910683
-0.142564654
0.693407593
-0.558428087
0.346917397
0.154645264
-0.466246783
0.525382886
-0.37679765
0.391542552
-0.116302507
-0.263695935
0.522751185
-0.845974319
0.645205084
-0.861917274
0.421939708
-0.454918644
0.800239951
-0.61824844
0.00936096
0.469342476
-1.051574185
0.795433895
-0.37504205
-0.067790325
0.212844891
-0.128107881
0.073334019
-0.255708484
0.083411222
-0.122658388
-0.12181545
-0.29752121
0.897638224
-1.089547399
1.058443228
-1.05598211
0.845930183
-0.966984074
0.218784189
-0.401233457
-0.028310094
0.05206038
-0.086577466
0.341226763
0.07587419
-0.39498568
0.649647603
-0.91205213
1.17924631
-1.385246886
0.746887037
-0.690773844
0.610720135
-0.143212114
-0.504846138
0.808415218
-0.355388054
-0.27276309
0.269301666
-0.03995455
0.102338552
-0.085551437
-0.396168898
0.153715317
-0.178191665
0.457649683
0.078774878
-0.562175298
-0.10841706
0.63596152
-0.23807037
0.608108971
-0.747679944
0.793225177
-1.001291585
0.250999397
-0.030282695
-0.432790234
0.031986955
0.106410219
0.149427314
0.184141202
-0.05390108
-0.429279632
0.078565233
-0.337429921
0.561211305
-0.069949993
-0.893389818
0.831369884
-1.009950948
0.676191362
-0.208712714
0.125604519
0.329601668
0.224014021
0.005910982
-0.488387399
0.727728215
-0.043352812
-0.032652578
-0.484586472
0.205016949
-0.423895356
0.375950237
-0.43280644
0.245939008
0.314805027
-0.17463184
0.221109076
-0.985002267
0.485616802
-0.455524831
0.235966987
0.454131147
-0.526834811
0.337548942
-0.505399957
-0.055560091
0.416408471
-0.771784961
0.897631183
-1.309421452
0.790373413
-1.092528346
1.224931979
-0.83416256
-0.184471802
0.554557462
-0.510229628
0.79987724
-0.699043849
0.360210756
0.030911606
0.032917333
0.270559897
-0.373672933
0.439782811
-0.517079961
0.697127996
-0.25162357
0.55393994
-0.071423869
-0.661366927
0.754712957
-0.364469645
-0.148945158
0.116543286
-0.182023279
-0.105473453
-0.156614714
0.069895206
0.514124629
-0.386608568
-0.13096214
0.06567298
-0.263121396
-0.085941074
-0.020490492
0.047605268
0.425780938
-0.114353384
0.321122452
-0.065246953
-0.596598892
0.918373057
-0.952407455
0.230506162
0.029016534
-0.265881754
-0.049027272
0.589803557
-0.553647536
0.453692818
-0.480170232
0.673014635
-0.273452107
0.041500617
0.429085699
-1.021884538
0.575092471
-0.831917007
0.55254046
-0.726024947
0.495039887
-0.297636324
-0.348875984
-0.123970003
0.350481471
0.080628267
-0.747254184
0.637333881
-0.644518421
0.243946596
-0.311811302
-0.063053173
0.099853477
0.544702917
-0.41245396
-0.033145075
0.536314104
-0.129104898
0.248499429
-0.235176566
0.142739212
-0.045900481
-0.537019151
0.370762551
-0.462538116
0.157073428
-0.179455647
0.457127868
-0.128496617
0.064061281
-0.646391649
0.87330909
-0.392441093
0.430063862
-0.940754639
1.24652361
-1.372627391
0.440129693
-0.028251601
-0.671506254
0.7564902
-0.25376315
-0.217529229
0.391673515
-0.433237926
0.172439057
-0.739143055
0.519146099
0.029954888
-0.542129217
0.844261396
-1.274181462
1.49940682
-1.632946788
0.804005747
-0.822436971
0.865286456
-0.50950396
-0.26146746
-0.190290549
0.352920273
-0.640327494
0.288920376
-0.275558952
0.644834148
-0.450571891
0.22043408
-0.162336872
0.357958924
-0.888557571
0.228330696
0.060622098
-0.015198706
-0.026670756
-0.27931415
-0.088183596
-0.133675138
0.312472462
0.028387765
-0.363661964
0.390035847
-0.361713523
-0.074540176
0.575829123
-0.185852564
-0.304537994
0.325998305
-0.56307995
0.700937197
-0.455681743
0.195368808
-0.272153625
0.570685684
-0.442346177
0.055765999
-0.131584827
0.833027066
-0.242743957
-0.423259962
0.475544765
-0.36676324
-0.106409726
0.744553506
-0.628615459
0.410087665
-0.070946355
-0.291184993
0.750571532
-0.826765275
0.719729358
-0.042109129
-0.179416942
0.46716815
-0.891090573
0.650978198
-0.278375836
-0.126998192
0.626317685
-0.6446483
0.369075498
-0.10096699
-0.514616142
0.116975455
0.154601496
-0.223927086
0.373849062
-0.847529026
0.525164872
-0.828798603
0.457245724
-0.585937693
1.013039972
-1.139709279
0.674000382
-0.212067329
-0.281824782
0.120762528
0.225574637
-0.333404406
0.04882733
-0.482150886
0.637144193
0.026107695
0.021322301
0.425157733
-0.834555257
0.494132237
-0.474449277
0.048561269
0.118621265
0.123957227
-0.095557635
-0.114983898
-0.002227758
0.012220777
0.09175319
-0.29194656
0.663472946
-0.41164116
0.463626167
-0.118215758
0.205565177
-0.435140447
-0.086909425
0.607507224
-0.444616766
0.005369895
0.067968587
0.135049283
0.064572046
-0.540935716
0.78512392
-0.863301745
0.407374601
-0.127564253
0.408159737
-0.115218096
-0.390540608
0.548781458
-0.015535437
-0.049134014
0.247863936
-0.188708313
-0.035148606
-0.413460088
0.658905002
-0.235907104
0.204490619
-0.489932474
0.398054811
-0.049897358
0.126229262
-0.251951555
0.879465088
-0.884745959
0.811304867
-0.767833447
0.309439037
-0.300064031
0.493708482
-0.712708657
0.500805345
-0.577495607
0.062792549
0.217596436
0.151963781
0.233338982
-0.457804332
0.143958416
-0.054302472
-0.081600927
0.247741893
0.238781272
-0.174059552
0.237716601
0.104832278
-0.160268214
-0.161118625
-0.307903194
0.374629289
-0.069462472
0.044666523
-0.035470511
-0.224641628
0.177176514
-0.223074805
0.513579742
-0.076208884
-0.309593287
-0.32657024
0.31325794
-0.185899367
0.101693455
-0.369008019
0.33823096
0.063048944
0.162303437
0.180043956
-0.533141489
0.667779176
-0.085398857
-0.427769867
0.277366259
0.294074518
-0.55877141
0.641847938
-0.631226972
-0.02611327
0.10274352
0.196361205
-0.226632891
0.287637478
-0.593035656
0.409329078
-0.388553156
0.225621521
-0.442585293
0.773625542
-0.958335233
1.097420954
-0.894378401
0.621167415
-0.593132017
0.517383354
-0.139681699
0.361679173
-0.665657454
0.362940111
-0.594363674
1.068080514
-0.921711969
0.458495013
-0.567657817
0.394441552
0.007547722
-0.165379879
-0.219119837
0.324246866
0.280853813
0.098203515
0.033450868
-0.00721227
-0.226649485
0.605435379
-0.239566448
-0.043888103
-0.162151745
0.380415374
-0.582036222
1.088144177
-1.02322045
0.562137641
-0.334000943
0.389625731
-0.587802193
0.265974484
0.056621387
-0.431622747
0.483349206
-0.934666475
1.136078615
-1.586800332
1.336858513
-0.954746956
0.282061744
-0.345330762
-0.35374153
0.245295528
-0.116094356
-0.081985259
-0.233493295
0.26975879
0.198633057
-0.243741848
0.164595815
-0.021645477
-0.051269811
-0.323477969
-0.238714554
-0.102366965
0.577116819
-0.441455582
-0.270016785
0.648154223
-0.895654448
0.289316617
-0.411521121
0.254224963
-0.219253932
-0.205837905
0.280140108
-0.526690261
0.077834198
-0.22684967
0.334867642
-0.624473345
0.341781543
-0.170324851
0.547054311
-0.984290531
0.815014
-0.352628515
-0.059223451
0.01381123
0.053770198
0.275364899
-0.393998152
0.631489484
-1.005968092
0.425796343
-0.744950177
1.013451405
-1.318545434
0.473617047
-0.228291453
0.075952925
-0.331695933
0.538311666
-0.734421081
0.603555611
-0.220332807
-0.445731121
0.005198332
-0.077526236
0.59662183
-0.123281997
-0.203293779
-0.367690442
0.133346361
0.582779655
-0.524677186
0.405336228
-0.562639143
0.10020939
0.066942604
0.713939487
-0.149376047
-0.084802559
-0.316651141
0.566600902
-0.632197425
-0.133194723
0.276915956
-0.615157091
0.446454141
0.241898905
-0.497602206
0.725017218
-1.160365893
0.490986528
-0.840294903
1.186703445
-0.486593792
-0.446727135
0.682182903
-0.146638583
-0.156323961
0.332889413
-0.168166714
0.39835552
0.102878187
0.047775642
-0.673251519
0.387934851
-0.280212044
0.421833445
-0.098759481
-0.622181849
0.879354965
-0.550633355
0.167993426
-0.4377371
0.620590549
-0.320979316
0.498457814
-0.770874874
0.845628459
-0.821446956
0.732835381
-0.793431542
0.622781907
-0.203280658
0.20911988
-0.163970572
0.10404031
-0.243364594
-0.30614562
0.399515742
-0.404362959
0.270988611
-0.671590043
0.806142531
-0.799307216
0.184135384
0.415514398
-0.33794794
-0.185787888
0.112170593
-0.577770562
0.606529345
-0.414391727
0.229932712
-0.635347804
0.594356749
-0.403242315
0.188756128
0.132328754
0.0118214
-0.252308641
0.336989264
-0.860494088
0.420184517
-0.141381091
0.271174359
-0.416925723
0.588713099
-0.968163667
1.121977431
-0.91778626
0.47454555
-0.820759362
0.999592071
-1.061608043
0.043959421
-0.166797988
0.438964487
-0.267637951
0.011490019
0.214824655
-0.242275664
0.430238292
-0.538963022
0.640084062
-1.019784972
1.28554835
-1.476208749
0.601948955
-0.115136697
-0.385899229
-0.14008428
0.341395075
-0.251476222
-0.162691449
0.29425089
-0.599140696
0.476621331
0.06159181
-0.388249719
0.165499721
0.092962456
-0.394975351
0.106397682
-0.009670493
0.184459813
-0.68050292
0.665915387
-1.043006273
0.735718555
-0.23446204
0.311988945
0.004496036
-0.337301577
-0.000997536
-0.321225866
-0.075452578
0.51320786
-0.797036462
0.860967492
-0.698468802
-0.008801525
-0.335859516
0.498704188
-0.905479207
0.356387895
-0.126929533
-0.093235359
-0.330023904
0.762985604
-0.632244484
0.028054466
-0.159825051
0.217661035
-0.110508701
-0.067428338
-0.225775813
-0.231491462
0.278013995
-0.327926355
0.657140103
-0.625836249
0.757015318
-1.215622991
1.105482961
-1.416487431
0.972778742
-1.069714833
1.00918755
-0.70446356
0.318912578
-0.047680942
-0.368093125
-0.0896311
-0.1173672
0.399492096
-0.697672155
0.958530293
-1.056610944
0.763260639
-0.718699325
0.841888267
-1.305702839
0.480632785
-0.810904416
0.926961261
-0.471326831
0.127801953
-0.036190716
0.426194918
-0.598209527
-0.025301158
0.090349328
-0.074864849
-0.050845588
0.554412814
-0.72375698
-0.080769108
-0.157524301
-0.151573212
0.198625383
0.415304245
-0.20922996
0.389400953
-0.010076965
-0.304805772
-0.115993004
0.486862303
0.078660471
-0.560981486
0.493693411
-0.365410022
0.012150545
0.202210506
0.286666618
-0.514565868
0.71942065
-0.570932072
-0.001757748
-0.059225799
0.125401444
-0.030223947
0.033310229
-0.639912039
0.222605488
0.025682155
-0.073041397
0.239720915
-0.356040268
0.413787438
-0.380206551
-0.097157738
0.098791061
-0.022311861
0.460383036
-0.36782337
0.144473467
0.254680173
0.017241147
-0.565550479
0.37478733
-0.612258747
0.712829673
-0.26550852
-0.283339301
0.340020623
-0.573655695
-0.235405088
-0.326569205
0.244396917
0.54228304
-0.349917383
0.290096096
0.150278807
0.012625244
-0.054142497
-0.656454194
0.334125692
-0.732525949
0.759059245
-0.371954164
0.100516784
-0.164488818
-0.199373861
0.906610725
-0.450525512
-0.4869675
0.057800107
0.465960705
-0.398612503
0.628803129
-0.482037492
0.355342904
-0.037437699
0.101587399
-0.271282774
0.145781957
-0.188215879
0.391364636
-0.028185447
0.117309755
-0.396114195
0.002244503
-0.287454003
0.814699997
-0.305921367
-0.149655742
-0.274895646
-0.126926476
0.226716195
-0.306794962
0.522009662
0.055878061
0.222626197
0.150752097
-0.037174966
0.440673136
-0.254654585
0.191014691
-0.510995488
0.910616109
-0.446624038
0.564196582
-0.870985224
0.983855597
-0.563046821
-0.337651476
0.281389456
0.043537478
-0.372737992
0.267222569
-0.015747862
-0.523122881
0.102433231
-0.126959507
-0.200413107
0.465009076
-0.809925135
1.174457949
-1.334969862
0.588699098
-0.008513078
0.08003979
-0.184238638
-0.03801204
0.459011594
-0.546674808
0.226588063
-0.073495229
-0.306432226
0.466073062
-0.006483289
0.146515343
-0.411510211
0.48860915
-0.623468007
0.484976834
-0.698642088
0.335892313
0.026322245
-0.480770913
0.560392469
-0.44471509
0.26524659
-0.617116059
0.31141287
-0.031037895
0.20432637
-0.185799678
-0.41970505
0.499156317
-0.13892043
-0.517851767
0.026492433
0.470029977
-0.478240759
0.124409815
-0.356609227
0.093654709
0.542943257
-0.580473671
0.500430041
-0.771962479
0.413404211
-0.224584216
-0.241118557
0.243802652
-0.125179898
-0.394042227
0.541507474
0.049910599
-0.572185715
0.854468583
-0.979296969
0.641867808
-0.587056304
0.480719878
-0.447684001
-0.008413975
0.256888538
-0.132710973
0.244671398
-0.775754675
1.04716018
-0.628850637
-0.124524484
0.173927209
0.03273112
-0.371947173
0.627784058
-0.450292406
0.130465117
0.253742729
0.136260787
-0.090692883
-0.381375893
0.270305213
0.115743879
-0.38570606
0.172403965
-0.4636414
0.232503126
0.220654982
-0.586639326
0.908893651
-0.357879463
-0.571357152
0.520930348
-0.445325964
0.946040098
-1.141489479
0.924575615
-1.291368321
0.802834692
-0.407805387
0.298108382
-0.700896278
0.46658267
0.01822657
0.182457002
0.007333941
-0.334777105
0.424646943
-0.074287995
0.173786933
-0.295682924
0.099760874