0.153556114
0.008481786
-0.66871739
1.047231283
-0.594879639
0.456009517
-0.726090296
0.545476642
-0.489257872
-0.226963709
-0.132184134
0.135347701
0.743773306
-1.00333727
0.444506938
-0.779016394
0.528521342
-0.528679491
0.537561782
-0.490102625
0.281814322
0.405827948
-0.286702926
-0.011814282
-0.20439744
-0.436323657
0.533954841
-0.529889464
0.272767242
-0.149325865
-0.325165996
0.51809147
-0.923472896
0.708640509
-0.625242779
0.476420832
-0.474841304
0.510544737
0.101742329
-0.360627247
0.823502161
-1.103316879
0.610648377
-0.416937187
0.275336417
0.172575701
0.155258871
-0.198853399
0.385092303
-0.150155594
0.245242761
-0.442809107
0.148611167
0.715006407
-0.884973139
1.370725346
-1.09805326
0.829906506
-1.157219638
0.886768334
-0.612072158
0.093431395
0.336222832
-0.714784726
0.484178142
-0.313781289
-0.482480317
0.48736431
-1.060673559
1.242331969
-1.340822255
0.794550586
-0.937330915
0.789609372
-0.403568325
-0.205376234
0.759865808
-0.123904765
-0.428134639
0.407586417
-0.130325464
0.232415425
-0.338674668
-0.372241344
0.101334789
-0.572990096
0.764068505
0.048878223
-0.172096247
-0.270880536
0.849176013
-0.554831869
0.556152964
-0.647782849
1.222540833
-1.160525627
0.429727218
-0.009602723
-0.415127776
0.052960137
0.104683712
0.212706759
0.005004877
-0.125772498
-0.344111071
-0.409454238
-0.182886613
0.193650831
0.277098063
-0.223827134
0.257426645
-0.231483053
0.37140596
0.123025694
-0.093949177
0.316862496
0.328310292
-0.207521894
-0.466819411
0.920708797
-0.464072017
0.193658515
-0.544009959
0.067887971
-0.398772487
0.09800467
-0.238690858
0.325059941
0.306486204
-0.513662663
0.190322367
-0.903140545
0.682053619
-0.822834586
0.704485821
-0.091687287
0.326491704
-0.004293853
-0.3563436
0.182236873
-0.041347658
-1.114355378
0.887553173
-1.78134443
1.046266513
-1.662080161
1.379008058
-1.240738977
-0.053977183
0.709679602
-0.65394831
0.960269773
-0.386087042
0.267901883
-0.002971797
-0.178688834
0.220951226
-0.406357019
0.015608108
-0.510534825
0.476188157
-0.71758452
0.772195799
-0.338087292
-0.707084734
0.498791222
-0.296605187
-0.052232351
0.177715761
-0.166351929
-0.01601629
-0.017747139
-0.140895532
0.863172585
-0.880609461
-0.275849397
0.062764706
-0.287354101
-0.096156092
-0.203344371
-0.516557115
0.673715985
-0.269610127
0.243674179
0.116279823
-0.809566386
0.792433401
-0.984078855
0.260434188
-0.023390395
0.05335025
-0.484171287
0.944704402
-1.084869224
0.37847912
-0.749639218
0.381479234
-0.382957819
0.09510245
-0.022163782
-0.553403228
0.585739001
-0.449718234
0.412924785
-0.665923576
0.69285841
-0.105652907
-0.859687284
0.718474725
-0.224842768
0.030822824
-0.517341758
0.703426039
-0.578449317
0.101342574
0.037617776
-0.304564248
0.440887863
0.008115483
0.209774951
-0.668160749
0.983015234
-0.501414733
0.449962191
-0.411283627
0.505436625
-0.392323899
-0.313550316
0.206496171
-0.669112937
0.214993409
-0.386071792
0.303375513
-0.028291735
0.29446186
-0.589581529
0.521278065
0.111552544
0.299236713
-0.868997773
0.872821322
-1.186936217
0.213500296
-0.291176328
-0.367104624
0.429654762
-0.090175933
-0.289765926
0.051962054
-0.245016606
-0.262547436
0.015632549
0.144640217
0.327883724
-0.263585303
0.703926357
-1.1662703
1.570077102
-1.377638388
0.655077731
-0.859757081
0.821697509
-0.646515929
-0.054313202
-0.37520705
0.739539562
-0.660381677
-0.118410447
0.100386382
0.435443546
-0.119069253
0.193352799
-0.334795542
0.71293898
-1.150312242
0.286274446
0.060525587
0.010236317
-0.030716487
-0.240341948
0.101835793
-0.240920695
0.670333158
-0.218228182
-0.763463299
0.680758359
-0.33805537
0.060502888
0.438847394
-0.38385152
-0.295635349
0.056417825
-0.410242629
0.585117535
-0.440691009
0.154910639
-0.37963333
0.24013581
-0.556335183
0.224825355
-0.345743223
0.812489269
-0.2895526
-0.568472408
0.713227129
-0.449161931
0.019610672
0.5952803
-0.345715375
0.863165439
-0.39140264
-0.09973195
0.321194786
-0.30044971
0.317989791
-0.211293268
0.165330118
0.58568736
-0.779350781
0.270838387
0.254438354
-0.151540235
0.649381375
-0.820536678
0.71704297
-0.280754993
-0.668958421
0.043760387
0.561320041
-0.304597725
0.535795726
-0.789662116
0.810248456
-1.338864567
0.600482138
-0.7868452
1.196312427
-1.364774152
1.401859352
-0.414783052
-0.422187895
0.005295484
0.343213659
-0.67452449
0.226513621
-0.22119326
0.104513124
0.228984526
-0.058203718
0.227734438
-0.71846879
0.603954709
-0.318613462
-0.275470663
0.493255539
-0.170828713
0.049517969
0.025108982
0.040102095
0.245062816
-0.127549553
-0.088635497
0.748179803
-0.234148775
0.579840801
-0.125664053
0.439806951
-0.53854287
-0.222441371
0.716277658
-0.160030323
0.202050454
0.027935984
0.48503869
-0.257246925
-0.580691037
1.013799296
-1.120054572
0.473778583
-0.400044424
0.637314749
-0.244427673
-0.362382103
0.694717206
0.035501622
-0.310325656
0.243428553
-0.276138738
0.399615673
-0.879373023
0.771861266
-0.940496906
0.639630346
-0.756581293
0.282590586
-0.037803846
0.477168878
-0.345195603
0.879958963
-0.543129944
0.720733989
-0.653178004
0.108802039
-0.036587698
0.29870763
-0.425233878
0.211211088
-0.508474368
-0.143577267
0.641694105
-0.01762442
0.222828128
-0.676526857
0.352926344
-0.010339458
-0.222943482
0.318762147
0.158168205
0.049308151
-0.194206154
0.296462945
-0.312756177
-0.256643792
-0.196203779
0.702247789
-0.31465816
0.372331669
-0.087227934
-0.17615658
0.280418897
-0.02651963
0.159280064
0.17926676
-0.413330264
-0.425944111
0.442984336
-0.184831337
-0.08575936
-0.295323093
-0.022398431
0.49211822
-0.435406647
0.480714072
-1.183211699
1.124434567
-0.372988419
-0.501529627
-0.283486576
0.767933636
-0.969245979
1.163495317
-0.882867297
0.138717068
-0.064289749
0.065104801
-0.244604473
0.53887528
-0.432677089
0.285666956
-0.599618387
0.496110212
-0.513589042
0.723247764
-1.270658859
1.061960773
-0.908991276
0.969521527
-0.771218199
0.763480845
-0.239390135
0.234889555
-0.388882694
0.422505965
-0.671423568
0.91801979
-0.861717517
0.375246267
-0.264829433
0.157815966
-0.087689788
-0.053357989
-0.32138373
-0.054788816
0.365634438
-0.055220845
-0.004175518
-0.016693634
-0.325723708
0.818618521
-0.366878507
-0.109624828
0.080712689
0.086526687
-0.528014514
0.795146265
-1.000543333
0.672420111
-0.557330609
0.437356972
-0.669300933
0.269310156
0.155881418
-0.334664789
0.334961793
-0.602948709
1.056987321
-1.170027664
0.870515384
-0.741686425
0.240683352
0.0196861
-0.355784317
0.044055418
0.163254108
-0.133054499
-0.176066168
0.284105336
-0.120113924
-0.065353471
-0.251063252
0.176103363
0.250685303
-0.435361748
-0.225168503
0.188430193
0.555526114
-0.556940051
0.024439237
0.512297332
-0.564529865
-0.115751857
0.000371925
-0.39606517
0.262255595
-0.086727264
0.217842036
-0.761742796
0.325544564
-0.073714076
0.145867516
-0.341190042
0.285206454
-0.167931702
0.413902494
-1.091455781
0.928875045
-0.651548677
0.041750519
-0.161750605
0.373326771
0.042336689
-0.501044719
0.399446385
-0.83902316
0.662990152
-0.852473533
0.529187531
-0.610257058
0.175709528
0.381211497
0.123017318
-0.504608948
0.546184212
-0.964064604
0.675145911
-0.38534057
-0.535448976
0.148704901
-0.015167604
0.799951721
0.079764954
0.022604717
-0.321873979
0.339718565
0.481310301
-0.396553421
0.838472575
-0.685088029
0.011097288
-0.113138685
0.903924937
-0.075452551
0.054786145
-0.302736709
0.844550486
-0.625891821
-0.051425887
0.215763553
-0.809985929
0.762963746
-0.228888784
-0.761921276
0.790117411
-1.017235454
0.390566473
-0.648061231
1.024669896
-0.44271925
-0.152658542
0.354082232
0.427660335
-0.695952332
0.703485998
-0.706565615
0.205699015
0.107545705
0.011364127
-0.509368584
0.405864696
-0.223581536
0.580896209
-0.265348977
-0.128764972
0.526036038
-0.491901834
0.341608412
-0.101626467
0.828680703
-0.151421204
0.037613501
-0.722676251
0.460562874
-0.222614922
0.560400913
-0.743180969
0.656818357
-0.13654717
0.30615771
-0.610064407
0.312372349
-0.415611396
-0.073122013
0.101976723
-0.191366196
-0.020872404
-0.516102396
0.858152868
-0.816704944
0.286690452
0.193392915
-0.300249554
-0.179339305
0.292174556
-1.036409996
0.855390878
-1.086313084
0.908690165
-1.147858583
0.485603011
-0.234551471
-0.212157969
0.223594761
-0.143940948
-0.206646701
0.580433181
-0.957695942
0.394659243
-0.33198053
-0.158921116
-0.267825616
0.592427492
-0.722127431
0.695650703
-1.138223964
0.962432454
-1.105652046
1.046928873
-1.335367392
0.189684826
-0.568996696
0.498656233
-0.622772355
0.466798478
-0.149984583
0.027548244
0.20511682
-0.621287436
0.56204801
-1.163128782
0.831169709
-1.171589866
0.722297029
-0.28255924
-0.554690774
0.137430736
0.10058646
0.441501866
-0.804024447
0.452008075
-0.644716067
0.33003484
0.170139302
-0.237559672
-0.21355944
0.389961299
-0.775574525
0.327130418
-0.312237281
-0.224096516
-0.348268925
0.413233893
-0.641351559
0.541124997
-0.188691612
0.402150083
-0.08828001
-0.403076417
0.317692218
-0.493061518
-0.25320172
0.300595486
-0.347381768
0.556403355
-0.415901795
-0.353407373
0.129319392
0.349898421
-0.686878397
0.46041402
-0.041848474
-0.42243608
-0.229774982
0.468415834
-0.458542608
0.128986866
-0.367882917
0.718604907
-0.225876469
-0.258050791
-0.171597289
-0.002304661
0.437098801
-0.795130609
0.641393118
-0.637670781
0.645327203
-0.959795207
0.826779669
-1.243524921
0.41739212
-0.876095692
0.844826965
-0.663809866
0.071520012
0.103653126
-0.337160294
-0.320673471
0.110201967
0.364367313
-0.748854983
0.774277989
-0.764389177
0.809659461
-0.810064404
0.641033056
-1.190035776
0.573234077
-0.644441531
0.807246448
-0.512384502
-0.098755804
0.145982409
0.186685953
-0.632312646
-0.075990724
0.132132108
-0.257429392
-0.026983748
0.821065472
-0.73882078
-0.053308784
-0.299341463
-0.009531498
0.52414278
0.527316919
-0.400782509
0.429824896
0.254246692
-0.611143623
0.376092559
0.191452335
0.298596585
-0.534366345
0.738621469
-0.865242583
0.510233963
-0.583523684
0.567977008
-0.695301495
0.356844757
-0.458587596
0.008870411
-0.145374843
0.198650335
0.359495097
0.048139281
-0.656173112
0.311276047
-0.251730984
-0.227563578
0.93858154
-0.497998747
0.465325562
-0.34723699
-0.466565446
0.659120223
-0.340029008
0.536525796
-0.259383733
-0.084426122
0.482814617
-0.089126022
0.042226197
-0.065255952
-0.40693881
0.539997297
-0.027538596
-0.102500998
0.545956006
-0.4355257
-0.088407719
-0.139778494
0.348866104
0.348958502
-0.132662558
0.123012186
0.126943645
0.073223814
0.004155133
-0.355684643
0.531945953
-1.023602853
1.064194259
-0.511135774
0.588464197
-0.793724146
0.438582811
0.325708497
-0.245828535
-0.505752667
0.025629297
0.728766924
-0.235159628
0.649804052
-0.294023083
0.450887641
0.29163967
-0.316764672
-0.245728242
0.16487598
-0.538522306
0.612720775
-0.221841002
0.235478811
-0.238022304
0.112398264
-0.564452629
0.821982875
-0.725670157
0.12720374
-0.5246108
0.180116057
-0.047779616
0.091719094
0.315874162
-0.119307091
0.154571931
-0.066806795
0.101911843
0.350230011
-0.242361484
0.124030482
-0.8404354
0.643648976
-0.592534657
0.506632109
-0.718553376
0.53257933
-0.516148151
-0.459787772
0.156682025
-0.106038805
-0.362921881
0.165161956
0.203378326
-0.856728959
0.203006116
-0.172761768
-0.39980642
0.887649294
-0.72811178
0.74253849
-1.257075834
0.630000125
0.218184943
-0.068980048
0.076821109
-0.080094542
0.307212921
-0.403611911
0.048238474
-0.125147461
-0.675770577
0.934114734
-0.184709599
0.196855102
-0.511934166
0.439726602
-0.484249542
0.461482796
-0.880105344
0.427178219
-0.053740828
-0.416071331
0.237654633
-0.53463538
0.561123079
-0.816293966
0.086397321
-0.211073888
0.358012175
-0.163896005
-0.5967489
0.861016993
-0.130475044
-0.788040896
0.340887738
0.289344211
-0.413459392
0.12938768
-0.53300958
0.026719787
0.614739916
-0.58064623
0.703806168
-0.68787022
0.483849305
-0.903766506
0.199118414
-0.268697317
0.343762756
-0.986497781
0.840883457
-0.295725065
-0.45831407
0.605939167
-0.427379566
0.435758561
-0.206049093
0.028098293
-0.188758333
-0.069487933
-0.057707731
-0.084836616
0.224768172
-0.461136773
0.651869499
-0.035862338
-0.36953377
0.656665186
-0.120221639
-0.4071829
0.855190398
-0.319548389
-0.125218697
0.429767521
-0.198358084
0.017938031
-0.322284339
0.291226321
-0.033153382
-0.405958407
-0.004570923
-0.201002229
-0.301996464
0.237963128
-0.977101154
1.121537006
-0.596340897
-0.554683016
0.393127962
-0.514315175
1.144041138
-1.479075562
1.287836119
-1.128887099
0.655536402
0.095942936
0.138789756
-0.553965002
0.773408171
-0.361601577
0.825910047
-0.410120501
-0.614356136
0.80579189
-0.619245905
0.295568161
-0.596261581
0.509787146