-0.42411826
-0.400481539
-0.31562111
0.731497207
-0.818454767
0.739689239
-1.152869467
0.915796762
-1.10126934
0.255406704
-0.570339602
0.367808777
0.333364303
-0.524430623
0.16600492
-0.492798084
0.420659317
-0.565460797
0.56029419
-0.461250489
-0.041700859
0.396816503
-0.447971508
0.248151974
0.181317752
-0.506600053
0.576474549
-0.593791111
0.682768093
-0.342561602
-0.118495536
0.400651541
-0.760676995
0.581922393
-0.691538779
0.37852516
-0.558310853
0.725781748
-0.490339578
0.114023493
0.358135416
-0.866935347
0.743311057
-0.213558525
-0.032968399
0.043291183
0.171728659
-0.098635247
-0.011736975
0.042399551
-0.159542409
-0.121694403
-0.238103525
0.847069428
-1.179566176
1.158279897
-1.160781707
0.945952752
-1.164178018
0.258558201
-0.457196496
-0.028109715
0.233301053
-0.262371678
0.199541287
-0.023597256
-0.325891728
0.599180936
-0.883856066
1.021479443
-1.189043989
0.67845674
-0.706045132
0.536077273
-0.287444415
-0.392403929
0.822515313
-0.439236728
-0.20439159
0.244491613
0.067443544
0.108196171
-0.035517697
-0.550831421
0.431450032
-0.465781646
0.527029543
0.100122016
-0.511680326
-0.108274611
0.696067649
-0.469903634
0.705558786
-0.786407802
0.811658945
-1.057407935
0.408318787
-0.168195343
-0.413286122
0.126605445
0.105523356
-0.082761283
0.457704428
-0.26632214
-0.3543568
0.006716603
-0.253153098
0.616953764
-0.045626336
-0.650015043
0.907111419
-1.141789646
0.823150016
-0.342145346
0.030752187
0.016943302
0.35423873
-0.091376816
-0.521015098
0.647957479
-0.171392513
0.059305811
-0.423190637
0.120078303
-0.31406461
0.268224503
-0.494331192
0.36767065
0.163820362
-0.130876865
0.200922526
-0.715508466
0.289395903
-0.213163547
0.190601079
0.345836812
-0.203943792
0.200422012
-0.233170525
-0.199928807
0.369692102
-0.855573763
1.008218014
-1.181631794
0.665007701
-1.006706694
1.18001922
-0.877832098
-0.199968944
0.558900645
-0.550608094
0.854257803
-0.68304034
0.341966241
-0.153602602
0.274119907
-0.119203731
-0.277108793
0.421542208
-0.418422218
0.559366332
-0.178227051
0.356135806
-0.065467012
-0.59617738
0.729429336
-0.538413365
-0.021458733
0.022256751
0.022305745
-0.378244166
0.068774122
-0.090494374
0.613605077
-0.716708863
0.063533406
0.026368428
-0.318563211
-0.023688476
0.081301198
-0.198631805
0.547886433
-0.087284211
0.00031313
0.262331016
-0.670401214
0.914310782
-1.096407573
0.393198919
-0.016908471
-0.187433251
-0.143046419
0.61994671
-0.489331943
0.471543972
-0.536859912
0.612645302
-0.106003136
-0.091012357
0.408585281
-1.00092476
0.550947875
-0.711910082
0.536121905
-0.604063998
0.387779022
-0.079605838
-0.404555532
0.004688729
0.321204092
0.043349692
-0.444530183
0.452050049
-0.43634835
0.106860438
0.022122516
-0.193833525
0.17144179
0.290991222
-8.2097E-05
-0.290671201
0.696396566
-0.215252953
0.30796707
-0.381315734
0.444438014
-0.203825636
-0.452640107
0.190129016
-0.431787683
0.072128589
-0.172092925
0.340538719
-0.112195572
0.211176145
-0.73611812
0.757359029
-0.198916669
0.315589104
-0.782127282
1.199946032
-1.407797787
0.462491495
-0.124352862
-0.517075318
0.79884289
-0.372077562
-0.23074157
0.376409668
-0.434192105
0.208743598
-0.590874035
0.510359549
-0.003569853
-0.531920522
0.768481073
-1.136891265
1.24983835
-1.304481875
0.8014292
-0.806132201
0.719386524
-0.465821058
-0.268080056
-0.123231341
0.257825914
-0.607236937
0.262237798
-0.352011901
0.789228662
-0.401738902
0.125371657
-0.24063651
0.418348178
-0.943558664
0.3681362
0.018058753
-0.031892386
0.020551374
-0.125595355
-0.044952886
-0.169683424
0.323229478
-0.049883741
-0.323124855
0.308964718
-0.148193647
-0.089371327
0.640659797
-0.339906853
-0.256930003
0.212909375
-0.308892319
0.529888659
-0.423465818
0.243562197
-0.286730019
0.549572776
-0.598122949
-0.019316525
-0.128349586
0.532946785
-0.199103164
-0.541933429
0.526458518
-0.299849314
-0.256128181
0.765102736
-0.857204426
0.489174527
-0.308915204
-0.291115269
0.748624324
-0.866006746
0.704494975
-0.095837459
-0.291742739
0.54772677
-1.004466757
0.687476844
-0.258109773
-0.094532622
0.51353869
-0.493039617
0.624866248
-0.127812681
-0.575418967
0.019461394
0.17427051
-0.246495544
0.418316768
-0.803840258
0.481655688
-0.835367637
0.321984533
-0.547735998
1.007419255
-1.127397259
0.915802694
-0.410157503
-0.381989847
0.034409288
0.245439189
-0.456593566
-0.029953645
-0.316428804
0.349688725
0.041419867
0.121688
0.350552935
-0.889446194
0.696124406
-0.560089043
0.173541658
0.016638733
0.25654668
-0.414015999
0.064558133
-0.231717421
0.261093532
0.017291394
-0.235645433
0.590904753
-0.404301215
0.424299186
-0.022038275
0.060240818
-0.318257649
-0.040427816
0.367936736
-0.288024108
-0.013052686
0.023420341
0.266756294
0.054050389
-0.61496955
0.846569145
-0.772106273
0.386989683
-0.286438938
0.477641427
-0.163176694
-0.335974694
0.508105396
-0.16416014
0.190577166
0.00349506
-0.16982604
0.238571108
-0.621896633
0.679948413
-0.544357403
0.415912864
-0.619720108
0.384083749
-0.054374176
0.17560095
-0.340013653
0.720448077
-0.799776162
0.901697369
-0.813180245
0.050554367
0.022416466
0.362252222
-0.569522458
0.367771643
-0.611030275
0.345225767
0.081958831
0.186760191
0.088891588
-0.405965148
0.022766836
-0.116188877
-0.175917379
0.195452131
0.206088288
-0.20155214
0.308299553
0.088411627
-0.14273729
-0.150263634
-0.335764655
0.548127895
-0.176733332
0.259359431
-0.121990961
-0.283392249
0.031187575
-0.134154211
0.488687451
-0.059895271
-0.124774306
-0.22859989
0.234209548
-0.227780868
0.212393286
-0.51968307
0.335635879
0.082729517
0.235371018
0.114902985
-0.483065943
0.709640923
-0.321886475
-0.180002148
-0.057134052
0.656663917
-0.876165722
0.853646408
-0.823868195
0.183487159
0.045091192
0.126711571
-0.163012802
0.229678256
-0.371477034
0.112249221
-0.177695598
0.292287462
-0.518238705
0.744640073
-0.948665382
0.940021105
-0.902105771
0.753137451
-0.882701566
0.728050548
-0.297655204
0.307682633
-0.622786522
0.248086465
-0.531811376
0.996773591
-0.970669978
0.648374662
-0.557917888
0.287178171
-0.041061151
0.227435038
-0.41936559
0.246370476
0.277235927
0.111989064
-0.132008402
0.14376727
-0.126396597
0.571639254
-0.107620171
-0.128543827
-0.099534069
0.322556049
-0.492760813
0.937114936
-0.778959912
0.392224752
-0.294229978
0.433992006
-0.603441515
0.212119436
-0.000714079
-0.370236053
0.234970365
-0.696909186
0.999105901
-1.318937809
0.976977843
-0.636525875
0.282840525
-0.091888664
-0.422633892
0.377753571
-0.330590764
-0.010275174
-0.204837629
0.420022335
-0.037264081
-0.166477008
0.10952902
-0.03781101
-0.08105763
-0.145315227
-0.280802312
-0.008859701
0.51941611
-0.398351092
-0.235385057
0.532726772
-0.82693379
0.266843136
-0.419322286
0.150376812
0.012329117
-0.286317383
0.31639627
-0.661788835
0.140871176
-0.127945432
-0.00334995
-0.240436595
-0.026998521
0.268123746
0.216427497
-0.824319731
0.79787118
-0.354741648
-0.052612683
0.094610238
0.130053958
0.284005116
-0.572830541
0.668523012
-1.1085511
0.627407982
-0.901507248
0.859377155
-1.059288921
0.43321142
-0.006175538
0.039646261
-0.314953414
0.646872947
-0.723807999
0.586475243
-0.216314764
-0.500284189
0.180876358
-0.107072271
0.55362771
-0.233732009
0.085600499
-0.602449665
0.373572747
0.375582915
-0.239417084
0.334441619
-0.441735419
0.11098266
-0.061485677
0.445430754
-0.020986178
0.007384322
-0.294183924
0.696954075
-0.827355749
0.144808483
0.071968235
-0.609489634
0.52315714
0.117082042
-0.573060887
0.703257412
-1.013413622
0.316481267
-0.59137082
0.996656367
-0.470484954
-0.410371672
0.706288381
-0.088566445
-0.395870729
0.455222997
-0.101988003
0.281582727
0.003513307
0.017217975
-0.473054853
0.269320285
-0.012025486
0.433294794
0.050825462
-0.659187732
0.915668516
-0.640806814
0.169632343
-0.611433013
0.836226764
-0.348926319
0.35172405
-0.725930494
1.014584459
-0.921852429
0.79997224
-0.851331856
0.816997825
-0.410717966
0.431847255
-0.317282971
0.269984599
-0.449485717
-0.097269396
0.26680526
-0.261989103
0.295151963
-0.626839234
0.941058887
-0.96252951
0.438330355
0.151371117
-0.113642321
-0.162024158
0.19492992
-0.613078412
0.856135731
-0.657865035
0.359101507
-0.664129347
0.45108818
-0.234600779
0.11987506
0.103707666
0.019767859
-0.416489561
0.430097991
-0.815886135
0.462481273
-0.445080468
0.286956232
-0.526496287
0.800239386
-1.108448124
1.045032846
-1.12838434
0.567174582
-0.740257308
0.93285161
-1.032373446
0.112376372
-0.353289236
0.561379119
-0.696839408
0.175392935
-0.141720915
-0.013925178
0.257176595
-0.613914152
0.777867623
-0.976383478
1.128234895
-1.425267117
0.656028784
-0.188256249
-0.497233386
0.134558062
0.194471402
-0.118006592
-0.221846668
0.15274618
-0.461898321
0.43250866
0.201502497
-0.477355808
0.321543056
0.08086025
-0.468476031
0.212866781
-0.178771642
0.179826961
-0.675148286
0.712370626
-0.856154592
0.426552831
-0.263751224
0.524476962
-0.061688364
-0.391811868
-0.002394901
-0.166458235
-0.221368392
0.55371862
-0.801880924
0.879822794
-0.624907045
-0.154357743
0.249931775
0.24413441
-0.695038153
0.319399549
-0.063492145
-0.140654308
-0.306834409
0.858711031
-0.728875838
0.117420493
-0.304603111
0.351511903
-0.218543718
0.044111142
-0.286140978
-0.047848902
0.167143441
-0.360093975
0.519574647
-0.706030859
0.882703253
-1.039917236
0.840317802
-1.173977944
0.851593419
-0.949272217
0.701692116
-0.515508219
0.170433467
-0.00267834
-0.085334851
-0.309997353
-0.067602147
0.462950402
-0.693068167
0.93056563
-0.980591211
0.790922341
-0.672010151
0.667605103
-1.137643462
0.298429136
-0.575407129
0.826076205
-0.339753436
-0.003583579
0.106051717
0.367864049
-0.4832125
-0.104088874
0.087403203
-0.070187147
-0.104266676
0.650985278
-0.694218143
-0.035545479
-0.327062708
0.025502741
0.060423024
0.454994138
-0.321947122
0.468172423
-0.140557415
-0.312450655
0.048769273
0.461583391
0.062294138
-0.787352854
0.87240696
-0.525098122
-0.03181333
0.173693791
0.233035919
-0.40398474
0.68473431
-0.470013639
-0.020594736
-0.187325763
0.187784184
0.063274878
0.084270636
-0.593420185
0.31324543
0.163215604
-0.287074182
0.580278768
-0.507319223
0.42956984
-0.476317694
0.023590184
-0.016032877
-0.052998661
0.567298794
-0.482475524
0.239207995
0.153187428
0.164633725
-0.643517149
0.641605124
-0.967240477
0.897122017
-0.442152821
-0.300134287
0.455078738
-0.642837427
0.04515761
-0.381402726
0.405081781
0.351737271
-0.119477583
0.330706757
0.16372785
0.057970803
0.028092276
-0.531280855
0.184285218
-0.418570995
0.680901145
-0.099059165
0.099927503
-0.052994586
-0.207986384
0.643518143
-0.229470832
-0.544998846
0.079461542
0.456394988
-0.421366929
0.526093105
-0.247750581
0.23227752
0.042431645
0.181504629
-0.144608132
-0.021041706
0.082545593
0.181330778
0.085237775
-0.066129922
-0.276581877
-0.134409227
-0.270976677
0.787735237
-0.320354356
-0.088247378
-0.352228201
-0.024944269
0.086508454
-0.355922934
0.653348082
-0.202405295
0.15622973
0.098059661
-0.019503442
0.334089954
-0.236589158
0.17928118
-0.597520262
0.948902298
-0.555215185
0.474422312
-0.897530765
1.145767216
-0.700878987
-0.099052683
0.050036796
0.169983906
-0.35995195
0.51936823
-0.160639008
-0.514394769
0.086278825
0.035048679
-0.36829478
0.72541386
-0.98007666
1.201067249
-1.375065363
0.387275134
0.188073508
-0.107285557
-0.065054287
-0.200928294
0.409035179
-0.36202343
0.208400731
0.022902716
-0.608825127
0.67511881
-0.23268751
0.216127091
-0.435730408
0.495173529
-0.606738667
0.496356279
-0.62544946
0.20017992
0.076984179
-0.455620803
0.502674163
-0.458856971
0.161835809
-0.481616371
0.068346571
0.048175279
0.181825448
0.023007423
-0.568672643
0.717080204
-0.169165208
-0.462936479
-0.036911011
0.376297602
-0.52180022
0.161176073
-0.38274541
0.084934014
0.510060423
-0.436961601
0.530509168
-0.75590801
0.095336557
-0.066614622
-0.269298324
0.207741884
-0.163465244
-0.370401573
0.484593746
0.026019611
-0.56393622
0.838792327
-1.053689995
0.64748412
-0.618063227
0.388963528
-0.41372321
0.084734592
-0.024131707
-0.019404072
0.107272655
-0.474533259
0.909001573
-0.499654204
-0.107314795
0.220528949
0.025473984
-0.297576716
0.643591488
-0.340266326
0.005564768
0.270131375
0.09070422
-0.107072135
-0.413579464
0.539494561
-0.1236245
-0.292331854
0.037485559
-0.339927448
0.138845534
0.312252493
-0.544457389
0.854463736
-0.311114467
-0.643751624
0.548001066
-0.551588884
0.785791778
-1.209974944
0.962398658
-1.287714253
0.850481519
-0.393939803
0.310079269
-0.800450889
0.538678447
0.020524624
0.174132057
0.056090341
-0.411157111
0.614374917
-0.386933207
0.362896455
-0.672674246
0.45812136